DEBUG DATA DUMP
==============================

--- Key: poses ---
Shape: (60, 72)
Data Type: float64
Data:
[[ 6.54510319e-01, -8.63819122e-01,  1.29011440e+00,  4.29962337e-01,
  -9.04479716e-03, -1.23452716e-01,  8.14530909e-01, -2.66584568e-02,
   5.24173558e-01, -6.82852268e-01, -9.21321586e-02,  2.34654531e-01,
  -8.76789391e-02, -8.66713673e-02,  1.67002976e-01,  6.93396926e-02,
  -7.68268630e-02,  1.24465913e-01, -2.27138564e-01, -1.15350850e-01,
   1.70284912e-01,  2.68867575e-02, -6.94593936e-02, -3.90756167e-02,
   2.39904150e-01, -6.25469163e-02,  3.09571065e-02,  2.58368626e-02,
  -1.44724205e-01,  2.39892110e-01,  0.00000000e+00,  0.00000000e+00,
   0.00000000e+00,  0.00000000e+00,  0.00000000e+00,  0.00000000e+00,
  -2.24903207e-02, -4.31681909e-02,  5.96542135e-02, -1.15930997e-02,
   2.24622533e-01,  5.06280065e-01, -1.09088840e-02, -4.17219132e-01,
  -5.62839568e-01,  0.00000000e+00,  0.00000000e+00,  0.00000000e+00,
   2.49602459e-02,  1.13032810e-01,  3.74383420e-01,  4.03544940e-02,
  -2.99018979e-01, -4.44034725e-01, -2.52155529e-04,  2.65048854e-02,
   1.11596704e-01,  4.07768134e-03, -2.63410714e-02, -1.44308180e-01,
   0.00000000e+00,  0.00000000e+00,  0.00000000e+00,  0.00000000e+00,
   0.00000000e+00,  0.00000000e+00,  0.00000000e+00,  0.00000000e+00,
   0.00000000e+00,  0.00000000e+00,  0.00000000e+00,  0.00000000e+00],
 [ 6.82522237e-01, -9.92724717e-01,  1.26230478e+00,  3.92919928e-01,
  -6.28876872e-03, -1.48768350e-02,  8.05115402e-01, -1.34079801e-02,
   4.98904288e-01, -6.60766304e-01, -1.02178305e-01,  1.82859004e-01,
  -6.77173510e-02, -7.71178082e-02,  2.02831268e-01,  7.44061843e-02,
  -7.71640167e-02,  1.16008192e-01, -2.26503491e-01, -1.28197193e-01,
   1.71434253e-01,  2.36164574e-02, -5.62604666e-02, -3.21329422e-02,
   2.11553931e-01, -6.47705197e-02,  2.38348469e-02,  4.84912433e-02,
  -1.62241176e-01,  2.51203537e-01,  0.00000000e+00,  0.00000000e+00,
   0.00000000e+00,  0.00000000e+00,  0.00000000e+00,  0.00000000e+00,
  -1.13718677e-02, -4.19079922e-02,  5.61991446e-02, -3.12035717e-03,
   2.25771233e-01,  5.65409899e-01, -6.50495524e-03, -4.13875282e-01,
  -6.11540079e-01,  0.00000000e+00,  0.00000000e+00,  0.00000000e+00,
   2.83516664e-02,  1.09656617e-01,  4.06509012e-01,  4.62023839e-02,
  -2.65486658e-01, -4.60773706e-01,  7.44777935e-05,  1.62140541e-02,
   1.14590257e-01,  4.00127331e-03,  5.46681881e-03, -1.20693453e-01,
   0.00000000e+00,  0.00000000e+00,  0.00000000e+00,  0.00000000e+00,
   0.00000000e+00,  0.00000000e+00,  0.00000000e+00,  0.00000000e+00,
   0.00000000e+00,  0.00000000e+00,  0.00000000e+00,  0.00000000e+00],
 [ 6.57873034e-01, -1.05892658e+00,  1.24708652e+00,  3.93838197e-01,
   8.28566775e-03,  5.03915511e-02,  7.92744279e-01, -1.23735201e-02,
   5.01180172e-01, -6.54526174e-01, -1.10856824e-01,  1.41966149e-01,
  -5.33481799e-02, -6.82863593e-02,  2.02594146e-01,  7.14397803e-02,
  -7.61858299e-02,  1.13400854e-01, -2.22778037e-01, -1.41678706e-01,
   1.61001280e-01,  3.03405076e-02, -4.74111699e-02, -2.96374112e-02,
   1.92906320e-01, -6.38306364e-02,  2.00178158e-02,  6.79866448e-02,
  -1.77707344e-01,  2.44929865e-01,  0.00000000e+00,  0.00000000e+00,
   0.00000000e+00,  0.00000000e+00,  0.00000000e+00,  0.00000000e+00,
  -7.61481514e-03, -4.13967818e-02,  5.48626184e-02,  2.98354519e-03,
   2.20889628e-01,  6.02464557e-01, -1.79907226e-03, -4.06590909e-01,
  -6.50606036e-01,  0.00000000e+00,  0.00000000e+00,  0.00000000e+00,
   3.01898476e-02,  1.04542062e-01,  4.24645126e-01,  4.96703684e-02,
  -2.41597831e-01, -4.75197822e-01,  3.16768739e-04,  9.88277141e-03,
   1.14158049e-01,  4.01999103e-03,  2.23122351e-02, -1.03716485e-01,
   0.00000000e+00,  0.00000000e+00,  0.00000000e+00,  0.00000000e+00,
   0.00000000e+00,  0.00000000e+00,  0.00000000e+00,  0.00000000e+00,
   0.00000000e+00,  0.00000000e+00,  0.00000000e+00,  0.00000000e+00],
 [ 5.47131181e-01, -1.01160812e+00,  1.24630213e+00,  3.92348140e-01,
   2.87934132e-02,  1.28026485e-01,  7.37550378e-01,  1.27762789e-03,
   6.13375545e-01, -6.47205532e-01, -1.29715562e-01,  5.98127209e-02,
  -6.91012815e-02, -5.75175546e-02,  1.88943222e-01,  5.00018038e-02,
  -7.03895614e-02,  1.10276006e-01, -2.24018425e-01, -1.66367248e-01,
   1.34555042e-01,  3.69885191e-02, -3.92131507e-02, -2.74619907e-02,
   1.86958730e-01, -5.74354045e-02,  2.14206744e-02,  7.35071078e-02,
  -2.06565440e-01,  2.27949619e-01,  0.00000000e+00,  0.00000000e+00,
   0.00000000e+00,  0.00000000e+00,  0.00000000e+00,  0.00000000e+00,
  -1.07464492e-02, -4.35670242e-02,  5.79814315e-02,  6.64240308e-03,
   2.08992228e-01,  6.20478272e-01,  1.54621375e-03, -4.07360315e-01,
  -6.83384895e-01,  0.00000000e+00,  0.00000000e+00,  0.00000000e+00,
   3.02274246e-02,  9.78043899e-02,  4.31694508e-01,  5.16933948e-02,
  -2.34609872e-01, -4.88007188e-01,  3.77647608e-04,  1.08577888e-02,
   1.15124695e-01,  3.54865310e-03,  2.59161219e-02, -8.87876824e-02,
   0.00000000e+00,  0.00000000e+00,  0.00000000e+00,  0.00000000e+00,
   0.00000000e+00,  0.00000000e+00,  0.00000000e+00,  0.00000000e+00,
   0.00000000e+00,  0.00000000e+00,  0.00000000e+00,  0.00000000e+00],
 [ 5.06838620e-01, -1.01106358e+00,  1.24382162e+00,  3.91866684e-01,
   3.15342136e-02,  1.30870864e-01,  7.23777711e-01, -8.42742680e-04,
   6.34216905e-01, -6.41732991e-01, -1.33674040e-01,  3.54092605e-02,
  -7.47048333e-02, -5.46639711e-02,  1.84235781e-01,  4.35281880e-02,
  -6.87791929e-02,  1.08833045e-01, -2.21646622e-01, -1.70757428e-01,
   1.24294065e-01,  3.67753096e-02, -3.71911675e-02, -2.63832845e-02,
   1.86867177e-01, -5.59497327e-02,  2.22537126e-02,  7.92159364e-02,
  -2.11901873e-01,  2.20115393e-01,  0.00000000e+00,  0.00000000e+00,
   0.00000000e+00,  0.00000000e+00,  0.00000000e+00,  0.00000000e+00,
  -1.26898605e-02, -4.47329506e-02,  5.97980283e-02,  8.92961770e-03,
   2.05361769e-01,  6.27665162e-01,  4.51582950e-03, -4.05328423e-01,
  -7.00917482e-01,  0.00000000e+00,  0.00000000e+00,  0.00000000e+00,
   3.04318555e-02,  9.54987258e-02,  4.34762686e-01,  5.30864298e-02,
  -2.31296688e-01, -4.96233612e-01,  3.65493121e-04,  1.17354263e-02,
   1.15020640e-01,  3.34552466e-03,  2.72285100e-02, -8.29427168e-02,
   0.00000000e+00,  0.00000000e+00,  0.00000000e+00,  0.00000000e+00,
   0.00000000e+00,  0.00000000e+00,  0.00000000e+00,  0.00000000e+00,
   0.00000000e+00,  0.00000000e+00,  0.00000000e+00,  0.00000000e+00],
 [ 5.35727024e-01, -1.02380466e+00,  1.23856556e+00,  4.12678272e-01,
   1.63681302e-02,  1.28831826e-02,  7.54251122e-01, -2.96061225e-02,
   5.52936733e-01, -6.48478389e-01, -1.32372767e-01,  9.71029699e-02,
  -8.56741443e-02, -6.11908510e-02,  1.90691486e-01,  5.45660518e-02,
  -7.50961080e-02,  1.22039445e-01, -2.18809694e-01, -1.58235818e-01,
   1.33038521e-01,  2.19536424e-02, -4.30246219e-02, -2.54313312e-02,
   1.95735112e-01, -6.12092242e-02,  2.19487939e-02,  7.97275156e-02,
  -1.95895791e-01,  2.20176607e-01,  0.00000000e+00,  0.00000000e+00,
   0.00000000e+00,  0.00000000e+00,  0.00000000e+00,  0.00000000e+00,
  -1.24084745e-02, -4.54453155e-02,  6.05550483e-02,  8.46644305e-03,
   2.13474020e-01,  6.08683646e-01,  6.17850386e-03, -4.12405908e-01,
  -6.99101567e-01,  0.00000000e+00,  0.00000000e+00,  0.00000000e+00,
   3.03567294e-02,  9.91222560e-02,  4.24892992e-01,  5.37659377e-02,
  -2.45785102e-01, -5.03189445e-01,  2.50405283e-04,  1.41080022e-02,
   1.12036258e-01,  3.52523080e-03,  2.08707470e-02, -9.69033986e-02,
   0.00000000e+00,  0.00000000e+00,  0.00000000e+00,  0.00000000e+00,
   0.00000000e+00,  0.00000000e+00,  0.00000000e+00,  0.00000000e+00,
   0.00000000e+00,  0.00000000e+00,  0.00000000e+00,  0.00000000e+00],
 [ 3.26397002e-01, -7.82494068e-01,  1.28345871e+00,  5.99663198e-01,
   4.93622459e-02, -2.01657951e-01,  7.71648586e-01, -7.41519555e-02,
   6.28442585e-01, -7.12372661e-01, -1.42657787e-01,  1.45054013e-01,
  -9.55178738e-02, -5.92075959e-02,  8.36112425e-02,  2.44029108e-02,
  -7.08551481e-02,  1.46637335e-01, -2.03964412e-01, -1.50906086e-01,
   8.13253745e-02,  4.18260023e-02, -5.25178276e-02, -3.47309746e-02,
   2.37846494e-01, -5.31362966e-02,  3.51976193e-02,  7.54008144e-02,
  -1.78280264e-01,  1.46061569e-01,  0.00000000e+00,  0.00000000e+00,
   0.00000000e+00,  0.00000000e+00,  0.00000000e+00,  0.00000000e+00,
  -4.48114052e-02, -5.27636223e-02,  7.62149841e-02,  1.65227428e-03,
   1.93501130e-01,  5.31465292e-01,  1.73381828e-02, -4.02209401e-01,
  -7.30787873e-01,  0.00000000e+00,  0.00000000e+00,  0.00000000e+00,
   2.48065386e-02,  9.11234170e-02,  3.74507636e-01,  5.32208867e-02,
  -2.79537559e-01, -5.38517058e-01, -1.28609012e-04,  2.99577713e-02,
   1.03769898e-01,  3.08963889e-03, -2.58375984e-02, -1.12791397e-01,
   0.00000000e+00,  0.00000000e+00,  0.00000000e+00,  0.00000000e+00,
   0.00000000e+00,  0.00000000e+00,  0.00000000e+00,  0.00000000e+00,
   0.00000000e+00,  0.00000000e+00,  0.00000000e+00,  0.00000000e+00],
 [ 3.90637070e-01, -8.83804560e-01,  1.27584660e+00,  4.72571492e-01,
   2.69556940e-02, -1.06297657e-01,  7.81833529e-01, -5.25960736e-02,
   6.22734845e-01, -6.75771177e-01, -1.39107808e-01,  1.19477838e-01,
  -1.28338650e-01, -6.19216003e-02,  1.35318384e-01,  3.55283991e-02,
  -7.21395314e-02,  1.41554356e-01, -2.10022584e-01, -1.56786889e-01,
   1.04301296e-01,  2.82776579e-02, -5.06153107e-02, -3.05641852e-02,
   2.32937187e-01, -5.59929684e-02,  3.29016484e-02,  7.28055909e-02,
  -1.90182701e-01,  1.82554320e-01,  0.00000000e+00,  0.00000000e+00,
   0.00000000e+00,  0.00000000e+00,  0.00000000e+00,  0.00000000e+00,
  -3.33762392e-02, -5.13543524e-02,  7.22860992e-02,  3.33740585e-03,
   2.03212082e-01,  5.56782424e-01,  1.01110796e-02, -4.14092064e-01,
  -7.15922713e-01,  0.00000000e+00,  0.00000000e+00,  0.00000000e+00,
   2.69862339e-02,  9.61489379e-02,  3.92309666e-01,  5.36764860e-02,
  -2.74282396e-01, -5.24320245e-01, -1.17002412e-04,  2.49365009e-02,
   1.05948120e-01,  3.45078413e-03, -6.22417871e-03, -1.10178299e-01,
   0.00000000e+00,  0.00000000e+00,  0.00000000e+00,  0.00000000e+00,
   0.00000000e+00,  0.00000000e+00,  0.00000000e+00,  0.00000000e+00,
   0.00000000e+00,  0.00000000e+00,  0.00000000e+00,  0.00000000e+00],
 [ 3.02662194e-01, -7.95538962e-01,  1.31190598e+00,  5.20763516e-01,
   4.31707650e-02, -1.54866040e-01,  7.75658548e-01, -6.65700510e-02,
   6.30819321e-01, -6.87212408e-01, -1.41407013e-01,  1.42670870e-01,
  -1.33683845e-01, -5.78343570e-02,  8.93760324e-02,  2.39430163e-02,
  -6.67264536e-02,  1.42610475e-01, -2.05650225e-01, -1.53841555e-01,
   8.67174044e-02,  3.35290879e-02, -5.15693724e-02, -3.23302001e-02,
   2.38598034e-01, -4.95731458e-02,  3.67546864e-02,  6.30572960e-02,
  -1.82453096e-01,  1.54428616e-01,  0.00000000e+00,  0.00000000e+00,
   0.00000000e+00,  0.00000000e+00,  0.00000000e+00,  0.00000000e+00,
  -4.51518707e-02, -5.17403223e-02,  7.48855099e-02, -6.87574618e-04,
   1.98570952e-01,  5.12835860e-01,  9.52720083e-03, -4.10879135e-01,
  -6.98491216e-01,  0.00000000e+00,  0.00000000e+00,  0.00000000e+00,
   2.42540501e-02,  9.91850197e-02,  3.65007013e-01,  5.03049642e-02,
  -2.89479434e-01, -5.20715415e-01, -1.93491403e-04,  3.00880559e-02,
   1.03626452e-01,  3.69294616e-03, -2.64016818e-02, -1.19959131e-01,
   0.00000000e+00,  0.00000000e+00,  0.00000000e+00,  0.00000000e+00,
   0.00000000e+00,  0.00000000e+00,  0.00000000e+00,  0.00000000e+00,
   0.00000000e+00,  0.00000000e+00,  0.00000000e+00,  0.00000000e+00],
 [ 3.62792909e-01, -8.52143407e-01,  1.28723562e+00,  4.90982175e-01,
   2.38583237e-02, -1.46814257e-01,  7.93229759e-01, -5.23290709e-02,
   6.05003476e-01, -6.84538007e-01, -1.42610803e-01,  1.41570523e-01,
  -1.34351984e-01, -6.91788644e-02,  1.15163647e-01,  3.49534713e-02,
  -6.85753599e-02,  1.40598357e-01, -2.07242548e-01, -1.58729538e-01,
   1.00469217e-01,  2.44271960e-02, -5.95803671e-02, -3.38138379e-02,
   2.26700827e-01, -5.24915941e-02,  3.27888727e-02,  6.90573379e-02,
  -1.89014569e-01,  1.71473637e-01,  0.00000000e+00,  0.00000000e+00,
   0.00000000e+00,  0.00000000e+00,  0.00000000e+00,  0.00000000e+00,
  -3.79626527e-02, -5.01242168e-02,  7.14242086e-02,  1.29352254e-03,
   2.03627020e-01,  5.32966256e-01,  6.40478265e-03, -4.13043350e-01,
  -6.88202143e-01,  0.00000000e+00,  0.00000000e+00,  0.00000000e+00,
   2.60196906e-02,  1.01420946e-01,  3.79333615e-01,  5.05979918e-02,
  -2.78726935e-01, -5.07286310e-01, -1.84691104e-04,  2.72147059e-02,
   1.05177119e-01,  3.45322583e-03, -1.53997038e-02, -1.11016572e-01,
   0.00000000e+00,  0.00000000e+00,  0.00000000e+00,  0.00000000e+00,
   0.00000000e+00,  0.00000000e+00,  0.00000000e+00,  0.00000000e+00,
   0.00000000e+00,  0.00000000e+00,  0.00000000e+00,  0.00000000e+00],
 [ 2.56557971e-01, -6.92555785e-01,  1.28424168e+00,  6.66286588e-01,
   6.32573366e-02, -2.45979235e-01,  7.89046407e-01, -8.85494947e-02,
   6.02414250e-01, -7.41360724e-01, -1.50527537e-01,  1.70677990e-01,
  -5.55623919e-02, -5.72806858e-02,  2.59212032e-02,  1.56281330e-02,
  -6.86495528e-02,  1.54365227e-01, -1.98212281e-01, -1.55731201e-01,
   6.66500255e-02,  6.39665872e-02, -5.59608117e-02, -4.18825783e-02,
   2.24864602e-01, -4.91594262e-02,  3.35879251e-02,  7.42510632e-02,
  -1.77766889e-01,  1.20137937e-01,  0.00000000e+00,  0.00000000e+00,
   0.00000000e+00,  0.00000000e+00,  0.00000000e+00,  0.00000000e+00,
  -5.57174273e-02, -5.42841069e-02,  8.03069249e-02,  5.40028559e-04,
   1.87546253e-01,  4.96891648e-01,  1.55946435e-02, -4.01407897e-01,
  -7.09129035e-01,  0.00000000e+00,  0.00000000e+00,  0.00000000e+00,
   2.33483035e-02,  9.40268710e-02,  3.52954656e-01,  4.96452786e-02,
  -2.89333314e-01, -5.21016121e-01, -2.04445008e-04,  3.22519653e-02,
   9.87756774e-02,  2.98881112e-03, -4.37952317e-02, -1.08637840e-01,
   0.00000000e+00,  0.00000000e+00,  0.00000000e+00,  0.00000000e+00,
   0.00000000e+00,  0.00000000e+00,  0.00000000e+00,  0.00000000e+00,
   0.00000000e+00,  0.00000000e+00,  0.00000000e+00,  0.00000000e+00],
 [ 2.07372382e-01, -6.75909519e-01,  1.28457046e+00,  7.06930578e-01,
   7.78753310e-02, -1.49176627e-01,  7.86116600e-01, -1.00417383e-01,
   6.28550947e-01, -7.43949592e-01, -1.57391071e-01,  1.33713439e-01,
  -3.93269211e-02, -5.12997843e-02,  5.17190285e-02,  8.23509227e-03,
  -6.82000667e-02,  1.62803084e-01, -1.95645213e-01, -1.61970258e-01,
   5.20031303e-02,  7.61153176e-02, -4.66926508e-02, -4.07586917e-02,
   2.13546798e-01, -4.80991527e-02,  3.12919095e-02,  8.37533772e-02,
  -1.85910463e-01,  1.10289454e-01,  0.00000000e+00,  0.00000000e+00,
   0.00000000e+00,  0.00000000e+00,  0.00000000e+00,  0.00000000e+00,
  -5.85734993e-02, -5.49102128e-02,  8.19079801e-02,  4.12510941e-03,
   1.76370889e-01,  5.07280111e-01,  2.18422972e-02, -3.89059842e-01,
  -7.27634013e-01,  0.00000000e+00,  0.00000000e+00,  0.00000000e+00,
   2.36928854e-02,  8.64483118e-02,  3.57217789e-01,  5.05343489e-02,
  -2.77088612e-01, -5.29790401e-01, -8.08758923e-05,  2.85716522e-02,
   9.94640812e-02,  2.72251619e-03, -4.56324555e-02, -1.01458713e-01,
   0.00000000e+00,  0.00000000e+00,  0.00000000e+00,  0.00000000e+00,
   0.00000000e+00,  0.00000000e+00,  0.00000000e+00,  0.00000000e+00,
   0.00000000e+00,  0.00000000e+00,  0.00000000e+00,  0.00000000e+00],
 [-6.66700974e-02, -5.22234023e-01,  1.27234089e+00,  2.78884441e-01,
   9.54769850e-02,  3.97231758e-01,  2.96786845e-01,  1.12255262e-02,
   1.01391292e+00, -4.47557449e-01, -2.25158811e-01, -3.39578092e-01,
  -1.84626803e-01, -2.73705507e-03,  3.86624224e-02, -9.01545882e-02,
  -9.95294657e-03,  7.76765719e-02, -2.16717362e-01, -2.82196522e-01,
   2.35229526e-02,  4.91000526e-02, -5.79008879e-03, -1.49685778e-02,
   1.93688154e-01,  6.60738675e-03,  4.81292494e-02,  4.71235551e-02,
  -3.40614468e-01,  1.77358270e-01,  0.00000000e+00,  0.00000000e+00,
   0.00000000e+00,  0.00000000e+00,  0.00000000e+00,  0.00000000e+00,
  -3.75404134e-02, -5.53449541e-02,  7.75366947e-02,  8.40906426e-03,
   1.51339710e-01,  6.01938605e-01,  7.79215852e-03, -4.40791816e-01,
  -7.15082049e-01,  0.00000000e+00,  0.00000000e+00,  0.00000000e+00,
   2.37294994e-02,  7.72293508e-02,  4.24627870e-01,  5.44754565e-02,
  -2.81162977e-01, -4.99344975e-01, -4.88178448e-05,  3.54001671e-02,
   1.23186499e-01,  2.10426305e-03, -5.20343473e-03, -6.48740232e-02,
   0.00000000e+00,  0.00000000e+00,  0.00000000e+00,  0.00000000e+00,
   0.00000000e+00,  0.00000000e+00,  0.00000000e+00,  0.00000000e+00,
   0.00000000e+00,  0.00000000e+00,  0.00000000e+00,  0.00000000e+00],
 [-9.90459800e-01,  9.20349360e-01,  8.22451353e-01, -3.90613824e-01,
   1.67435072e-02,  2.75728166e-01, -9.26222146e-01, -3.54662500e-02,
   4.30530995e-01,  5.51931500e-01,  3.21967781e-01, -1.36602849e-01,
  -1.16169319e-01,  7.10481182e-02, -1.91413045e-01, -1.93409503e-01,
   6.44026846e-02, -2.15274900e-01,  1.91875085e-01,  3.62056673e-01,
   3.98856327e-02,  4.21653725e-02,  4.80785109e-02,  1.22286212e-02,
   1.42108947e-01,  5.46703078e-02,  5.46620637e-02,  3.53199959e-01,
   3.43598783e-01,  1.22765906e-01,  0.00000000e+00,  0.00000000e+00,
   0.00000000e+00,  0.00000000e+00,  0.00000000e+00,  0.00000000e+00,
  -2.08550435e-03,  7.34276250e-02, -9.63855982e-02,  8.59967321e-02,
   1.64510235e-01,  8.03070962e-01,  8.11443850e-02,  6.53797314e-02,
  -7.58567333e-01,  0.00000000e+00,  0.00000000e+00,  0.00000000e+00,
   6.04411662e-02,  7.05660135e-02,  5.22028267e-01,  5.28577082e-02,
   6.91936687e-02, -6.34043872e-01, -1.64484279e-03,  1.67325046e-02,
  -8.43194351e-02,  1.42481187e-02,  6.27114549e-02, -2.97263980e-01,
   0.00000000e+00,  0.00000000e+00,  0.00000000e+00,  0.00000000e+00,
   0.00000000e+00,  0.00000000e+00,  0.00000000e+00,  0.00000000e+00,
   0.00000000e+00,  0.00000000e+00,  0.00000000e+00,  0.00000000e+00],
 [-9.67426479e-01,  8.53649080e-01,  8.08054626e-01, -4.32606846e-01,
   9.15598217e-03,  2.99935102e-01, -9.60026383e-01, -2.89425682e-02,
   4.60137188e-01,  5.58037221e-01,  3.39185119e-01, -1.41632646e-01,
  -1.27716824e-01,  6.46030754e-02, -1.73985422e-01, -2.00287014e-01,
   6.41982630e-02, -2.06824452e-01,  1.83565974e-01,  3.72128248e-01,
   3.64598185e-02,  4.97612432e-02,  4.27728929e-02,  7.92057160e-03,
   1.42830759e-01,  5.54417707e-02,  5.50606623e-02,  3.51781279e-01,
   3.51518363e-01,  1.14914902e-01,  0.00000000e+00,  0.00000000e+00,
   0.00000000e+00,  0.00000000e+00,  0.00000000e+00,  0.00000000e+00,
  -8.18772055e-03,  7.27133602e-02, -9.46322232e-02,  9.60915387e-02,
   1.85891598e-01,  7.88896441e-01,  7.80687556e-02,  5.31299673e-02,
  -7.58023918e-01,  0.00000000e+00,  0.00000000e+00,  0.00000000e+00,
   6.26110733e-02,  7.74826780e-02,  5.17067194e-01,  5.17603122e-02,
   5.66304922e-02, -6.39598250e-01, -1.43490639e-03,  1.60879586e-02,
  -8.49597827e-02,  1.38261188e-02,  5.13022989e-02, -3.06112528e-01,
   0.00000000e+00,  0.00000000e+00,  0.00000000e+00,  0.00000000e+00,
   0.00000000e+00,  0.00000000e+00,  0.00000000e+00,  0.00000000e+00,
   0.00000000e+00,  0.00000000e+00,  0.00000000e+00,  0.00000000e+00],
 [-9.64704037e-01,  8.30754519e-01,  7.79262900e-01, -4.21180576e-01,
   3.31323780e-03,  2.77981550e-01, -9.36352789e-01, -1.69295762e-02,
   4.66044843e-01,  5.37394345e-01,  3.24057072e-01, -1.47603974e-01,
  -1.28575236e-01,  5.71140051e-02, -1.71177998e-01, -1.93104282e-01,
   6.41682371e-02, -1.99829876e-01,  1.75472230e-01,  3.55416059e-01,
   3.26854512e-02,  5.41431643e-02,  3.57618220e-02,  3.53116659e-03,
   1.26811594e-01,  5.54403402e-02,  5.13143092e-02,  3.47566128e-01,
   3.34484279e-01,  1.11446790e-01,  0.00000000e+00,  0.00000000e+00,
   0.00000000e+00,  0.00000000e+00,  0.00000000e+00,  0.00000000e+00,
  -1.41434614e-02,  7.45043606e-02, -9.60438028e-02,  1.02024317e-01,
   1.84610382e-01,  7.94674993e-01,  8.16766620e-02,  3.78730223e-02,
  -7.68365920e-01,  0.00000000e+00,  0.00000000e+00,  0.00000000e+00,
   6.36109263e-02,  8.05851519e-02,  5.21661639e-01,  5.26996106e-02,
   4.01683040e-02, -6.48656726e-01, -1.82745035e-03,  2.56867595e-02,
  -8.47498104e-02,  1.33529091e-02,  3.17977220e-02, -3.09125304e-01,
   0.00000000e+00,  0.00000000e+00,  0.00000000e+00,  0.00000000e+00,
   0.00000000e+00,  0.00000000e+00,  0.00000000e+00,  0.00000000e+00,
   0.00000000e+00,  0.00000000e+00,  0.00000000e+00,  0.00000000e+00],
 [-9.99115348e-01,  8.68903339e-01,  8.28481078e-01, -3.40797126e-01,
   9.50414594e-03,  2.61172980e-01, -8.91498983e-01, -2.45482940e-02,
   4.64529186e-01,  5.35191655e-01,  2.99098581e-01, -1.62866026e-01,
  -1.17873497e-01,  5.76588586e-02, -2.01159582e-01, -1.87759668e-01,
   6.82749972e-02, -2.00041011e-01,  1.93172142e-01,  3.37829947e-01,
   3.26402485e-02,  4.00995389e-02,  3.39435451e-02,  6.04236638e-03,
   1.26639321e-01,  5.88711686e-02,  5.27208187e-02,  3.45373452e-01,
   3.19043726e-01,  1.20618336e-01,  0.00000000e+00,  0.00000000e+00,
   0.00000000e+00,  0.00000000e+00,  0.00000000e+00,  0.00000000e+00,
  -1.28505882e-02,  7.56007656e-02, -9.75652337e-02,  9.23522264e-02,
   1.43361136e-01,  8.05891097e-01,  8.83360282e-02,  6.23167157e-02,
  -7.60840893e-01,  0.00000000e+00,  0.00000000e+00,  0.00000000e+00,
   6.00400865e-02,  6.53075799e-02,  5.25334060e-01,  5.31716421e-02,
   5.35354428e-02, -6.43164575e-01, -2.07308982e-03,  3.05079855e-02,
  -8.23404342e-02,  1.39360409e-02,  3.41061056e-02, -3.11291933e-01,
   0.00000000e+00,  0.00000000e+00,  0.00000000e+00,  0.00000000e+00,
   0.00000000e+00,  0.00000000e+00,  0.00000000e+00,  0.00000000e+00,
   0.00000000e+00,  0.00000000e+00,  0.00000000e+00,  0.00000000e+00],
 [ 4.80363697e-01, -1.03028548e+00,  1.29502451e+00,  4.05407935e-01,
   2.03420222e-02,  2.68257074e-02,  8.07757139e-01, -3.20780091e-02,
   5.64469218e-01, -6.54463530e-01, -1.18110113e-01,  1.18090659e-01,
  -1.06375679e-01, -5.76008186e-02,  1.81776777e-01,  4.51823212e-02,
  -6.84323311e-02,  1.35657445e-01, -2.16723874e-01, -1.41730249e-01,
   1.27406046e-01,  2.13875733e-02, -4.10429426e-02, -2.44778916e-02,
   1.89214990e-01, -5.33905551e-02,  2.32476443e-02,  6.69441447e-02,
  -1.75992981e-01,  2.07831979e-01,  0.00000000e+00,  0.00000000e+00,
   0.00000000e+00,  0.00000000e+00,  0.00000000e+00,  0.00000000e+00,
  -2.19002645e-02, -4.41064201e-02,  6.04436807e-02,  3.23544187e-03,
   2.14718342e-01,  5.70164502e-01,  2.07093894e-03, -4.01864827e-01,
  -6.76833630e-01,  0.00000000e+00,  0.00000000e+00,  0.00000000e+00,
   2.89075654e-02,  1.03121102e-01,  4.04794872e-01,  5.04192896e-02,
  -2.49414533e-01, -4.97674376e-01,  2.84072361e-04,  1.52847841e-02,
   1.13966525e-01,  4.30351961e-03,  1.00378254e-02, -1.16646387e-01,
   0.00000000e+00,  0.00000000e+00,  0.00000000e+00,  0.00000000e+00,
   0.00000000e+00,  0.00000000e+00,  0.00000000e+00,  0.00000000e+00,
   0.00000000e+00,  0.00000000e+00,  0.00000000e+00,  0.00000000e+00],
 [ 1.05535090e-01, -5.62335134e-01,  1.34158266e+00,  8.40492904e-01,
   1.20557532e-01, -1.47917479e-01,  7.94864118e-01, -1.22697853e-01,
   6.53746784e-01, -8.05469394e-01, -1.68129057e-01,  1.43243507e-01,
   2.12290641e-02, -2.61056442e-02,  1.05667468e-02, -1.84790343e-02,
  -6.53394088e-02,  1.59594879e-01, -1.97878301e-01, -1.62790716e-01,
   2.82773674e-02,  9.02223438e-02, -2.68958192e-02, -3.49539444e-02,
   2.26219609e-01, -4.34646308e-02,  3.60369608e-02,  8.35728198e-02,
  -1.81753248e-01,  7.64779672e-02,  0.00000000e+00,  0.00000000e+00,
   0.00000000e+00,  0.00000000e+00,  0.00000000e+00,  0.00000000e+00,
  -7.23768026e-02, -5.17342165e-02,  8.03358406e-02,  9.14010510e-04,
   1.70737818e-01,  4.74282712e-01,  2.16218811e-02, -3.83730322e-01,
  -7.30367839e-01,  0.00000000e+00,  0.00000000e+00,  0.00000000e+00,
   2.09646039e-02,  8.10180232e-02,  3.30423087e-01,  4.88836206e-02,
  -2.79593170e-01, -5.39503217e-01,  1.04095649e-04,  2.89889649e-02,
   9.36816186e-02,  3.55394650e-03, -5.93709871e-02, -1.25357926e-01,
   0.00000000e+00,  0.00000000e+00,  0.00000000e+00,  0.00000000e+00,
   0.00000000e+00,  0.00000000e+00,  0.00000000e+00,  0.00000000e+00,
   0.00000000e+00,  0.00000000e+00,  0.00000000e+00,  0.00000000e+00],
 [ 4.13168669e-02, -4.60459858e-01,  1.39472425e+00,  9.52890217e-01,
   1.43124714e-01, -1.36692479e-01,  7.90023327e-01, -1.40223861e-01,
   6.77712142e-01, -8.51878822e-01, -1.66091874e-01,  1.65067330e-01,
   1.06033526e-01, -8.52474663e-03, -3.50319664e-03, -2.73525659e-02,
  -6.28414154e-02,  1.57996774e-01, -1.96364760e-01, -1.41687706e-01,
   6.34856243e-03,  1.30963147e-01, -1.00799007e-02, -3.75685282e-02,
   2.51301885e-01, -4.02299203e-02,  4.33999933e-02,  9.06029269e-02,
  -1.54536396e-01,  4.17797677e-02,  0.00000000e+00,  0.00000000e+00,
   0.00000000e+00,  0.00000000e+00,  0.00000000e+00,  0.00000000e+00,
  -8.84876698e-02, -5.34766652e-02,  8.63008872e-02,  9.67700034e-04,
   1.57259926e-01,  4.42843229e-01,  3.28400359e-02, -3.58536959e-01,
  -7.47567415e-01,  0.00000000e+00,  0.00000000e+00,  0.00000000e+00,
   1.88793130e-02,  7.30371997e-02,  3.08032334e-01,  4.89429422e-02,
  -2.75695950e-01, -5.57880521e-01,  1.38834468e-04,  3.08213234e-02,
   8.74624401e-02,  3.57180182e-03, -8.11704993e-02, -1.33066133e-01,
   0.00000000e+00,  0.00000000e+00,  0.00000000e+00,  0.00000000e+00,
   0.00000000e+00,  0.00000000e+00,  0.00000000e+00,  0.00000000e+00,
   0.00000000e+00,  0.00000000e+00,  0.00000000e+00,  0.00000000e+00],
 [ 1.45382538e-01, -6.08465135e-01,  1.37620831e+00,  7.81973481e-01,
   1.10014759e-01, -1.35993630e-01,  7.34889925e-01, -1.22356161e-01,
   6.86506987e-01, -7.52772927e-01, -1.38585269e-01,  1.42789155e-01,
  -1.22927949e-02, -3.36522609e-02,  2.44536530e-02, -2.32750624e-02,
  -6.34661913e-02,  1.65649623e-01, -1.97444692e-01, -1.30592525e-01,
   3.21864821e-02,  8.74994323e-02, -3.28194387e-02, -3.71317677e-02,
   2.33936056e-01, -4.16783504e-02,  3.89542803e-02,  7.26988763e-02,
  -1.50650159e-01,  8.13004002e-02,  0.00000000e+00,  0.00000000e+00,
   0.00000000e+00,  0.00000000e+00,  0.00000000e+00,  0.00000000e+00,
  -6.95016161e-02, -5.53407893e-02,  8.46029595e-02, -2.74177501e-03,
   1.70068711e-01,  4.57425892e-01,  2.64230240e-02, -3.70032817e-01,
  -7.24423110e-01,  0.00000000e+00,  0.00000000e+00,  0.00000000e+00,
   1.97855402e-02,  8.07540938e-02,  3.30624580e-01,  4.87606637e-02,
  -2.81375259e-01, -5.41824341e-01, -6.97481009e-05,  3.34518366e-02,
   1.04781494e-01,  2.79266341e-03, -6.38754815e-02, -1.24384955e-01,
   0.00000000e+00,  0.00000000e+00,  0.00000000e+00,  0.00000000e+00,
   0.00000000e+00,  0.00000000e+00,  0.00000000e+00,  0.00000000e+00,
   0.00000000e+00,  0.00000000e+00,  0.00000000e+00,  0.00000000e+00],
 [ 1.30618542e-01, -5.86217403e-01,  1.33789790e+00,  8.16481650e-01,
   1.25023335e-01, -1.68850034e-01,  7.58980572e-01, -1.37466505e-01,
   7.10934997e-01, -7.71688700e-01, -1.53434455e-01,  1.44956693e-01,
   1.59565136e-02, -2.91531906e-02, -7.00346474e-03, -1.44758020e-02,
  -6.93211481e-02,  1.70544997e-01, -1.93001702e-01, -1.43226206e-01,
   2.93321945e-02,  1.12323582e-01, -3.16643715e-02, -4.29299474e-02,
   2.42138356e-01, -4.69743498e-02,  3.85547057e-02,  8.46273899e-02,
  -1.64216936e-01,  8.10482875e-02,  0.00000000e+00,  0.00000000e+00,
   0.00000000e+00,  0.00000000e+00,  0.00000000e+00,  0.00000000e+00,
  -7.28793442e-02, -5.46863042e-02,  8.44392404e-02,  5.73344762e-04,
   1.60230786e-01,  4.66691524e-01,  2.97921561e-02, -3.60610783e-01,
  -7.28013694e-01,  0.00000000e+00,  0.00000000e+00,  0.00000000e+00,
   1.97172984e-02,  7.42980018e-02,  3.34354103e-01,  4.89153489e-02,
  -2.70392597e-01, -5.40064812e-01,  2.29841880e-05,  3.28699425e-02,
   1.00519836e-01,  2.59399367e-03, -6.20951690e-02, -1.20994911e-01,
   0.00000000e+00,  0.00000000e+00,  0.00000000e+00,  0.00000000e+00,
   0.00000000e+00,  0.00000000e+00,  0.00000000e+00,  0.00000000e+00,
   0.00000000e+00,  0.00000000e+00,  0.00000000e+00,  0.00000000e+00],
 [ 1.79299504e-01, -6.02606714e-01,  1.32763827e+00,  7.71487057e-01,
   1.03351429e-01, -2.35212669e-01,  7.30273604e-01, -1.28316581e-01,
   6.84135854e-01, -7.53086925e-01, -1.39098659e-01,  1.70149744e-01,
   3.31779360e-03, -3.58067155e-02, -1.38031077e-02, -8.19410384e-03,
  -7.09060356e-02,  1.71223179e-01, -1.95662826e-01, -1.30799308e-01,
   4.15965319e-02,  1.01797841e-01, -3.89903374e-02, -4.34795469e-02,
   2.31978327e-01, -4.88432422e-02,  3.55738588e-02,  7.32252300e-02,
  -1.50298163e-01,  8.95536020e-02,  0.00000000e+00,  0.00000000e+00,
   0.00000000e+00,  0.00000000e+00,  0.00000000e+00,  0.00000000e+00,
  -6.62550032e-02, -5.62897138e-02,  8.52777287e-02, -1.43867801e-03,
   1.63330510e-01,  4.52617913e-01,  2.79026870e-02, -3.64050746e-01,
  -7.12805629e-01,  0.00000000e+00,  0.00000000e+00,  0.00000000e+00,
   1.96158085e-02,  7.72253871e-02,  3.29882294e-01,  4.80407700e-02,
  -2.80642986e-01, -5.37457526e-01, -1.30916320e-04,  3.51159088e-02,
   1.01598643e-01,  2.57822056e-03, -6.83748126e-02, -1.28772497e-01,
   0.00000000e+00,  0.00000000e+00,  0.00000000e+00,  0.00000000e+00,
   0.00000000e+00,  0.00000000e+00,  0.00000000e+00,  0.00000000e+00,
   0.00000000e+00,  0.00000000e+00,  0.00000000e+00,  0.00000000e+00],
 [ 4.95775878e-01, -8.78832459e-01,  1.27032197e+00,  4.16412055e-01,
   7.33128563e-03, -1.16395429e-01,  7.28255689e-01, -6.03678003e-02,
   5.73585331e-01, -6.27498984e-01, -7.78623521e-02,  1.55332878e-01,
  -1.04859777e-01, -7.02607557e-02,  1.44208550e-01,  4.87505235e-02,
  -7.88782015e-02,  1.39309034e-01, -2.14773983e-01, -8.84592906e-02,
   1.17515318e-01,  3.61079983e-02, -5.68854436e-02, -3.53270136e-02,
   2.02942610e-01, -6.33041039e-02,  2.29249448e-02,  4.83839922e-02,
  -1.18241780e-01,  1.88212529e-01,  0.00000000e+00,  0.00000000e+00,
   0.00000000e+00,  0.00000000e+00,  0.00000000e+00,  0.00000000e+00,
  -3.26966494e-02, -5.40345050e-02,  7.51077011e-02, -4.95717954e-03,
   2.06156045e-01,  5.12315810e-01,  1.41062103e-02, -3.93332541e-01,
  -6.74976349e-01,  0.00000000e+00,  0.00000000e+00,  0.00000000e+00,
   2.33961567e-02,  1.01281509e-01,  3.75997424e-01,  4.81071323e-02,
  -2.86072850e-01, -5.05094767e-01, -5.07462188e-04,  3.88997942e-02,
   1.17173992e-01,  3.01740668e-03, -3.83588336e-02, -1.12963125e-01,
   0.00000000e+00,  0.00000000e+00,  0.00000000e+00,  0.00000000e+00,
   0.00000000e+00,  0.00000000e+00,  0.00000000e+00,  0.00000000e+00,
   0.00000000e+00,  0.00000000e+00,  0.00000000e+00,  0.00000000e+00],
 [ 6.33965313e-01, -9.51306581e-01,  1.23342144e+00,  3.05440992e-01,
  -4.96568391e-03, -1.24377497e-02,  7.23960817e-01, -2.90659419e-03,
   6.08499110e-01, -6.27520263e-01, -8.11079368e-02,  1.20786771e-01,
  -9.02974755e-02, -7.27017224e-02,  1.67672813e-01,  6.94162399e-02,
  -8.10380951e-02,  1.19022898e-01, -2.32939020e-01, -1.15435541e-01,
   1.58716440e-01,  3.29593904e-02, -5.65159991e-02, -3.45270075e-02,
   1.99014246e-01, -6.58369139e-02,  2.05016062e-02,  4.34080176e-02,
  -1.51580900e-01,  2.43927091e-01,  0.00000000e+00,  0.00000000e+00,
   0.00000000e+00,  0.00000000e+00,  0.00000000e+00,  0.00000000e+00,
  -1.97895542e-02, -4.85513248e-02,  6.56787679e-02, -4.85188700e-03,
   2.15077370e-01,  5.72779238e-01,  5.45395631e-03, -4.11716163e-01,
  -6.57765746e-01,  0.00000000e+00,  0.00000000e+00,  0.00000000e+00,
   2.55900566e-02,  1.05037808e-01,  4.08123642e-01,  4.93896306e-02,
  -2.69557714e-01, -4.85062689e-01, -2.44481489e-04,  3.11469194e-02,
   1.16228350e-01,  3.05961492e-03, -6.64539123e-03, -1.04563609e-01,
   0.00000000e+00,  0.00000000e+00,  0.00000000e+00,  0.00000000e+00,
   0.00000000e+00,  0.00000000e+00,  0.00000000e+00,  0.00000000e+00,
   0.00000000e+00,  0.00000000e+00,  0.00000000e+00,  0.00000000e+00],
 [ 5.65301239e-01, -9.15498137e-01,  1.28882670e+00,  2.67955571e-01,
   7.75207300e-03,  5.52958921e-02,  7.06378579e-01,  4.57366975e-03,
   6.49621367e-01, -6.13382220e-01, -1.02686323e-01,  1.03092186e-01,
  -1.17098443e-01, -6.18712604e-02,  1.51437417e-01,  5.27077392e-02,
  -7.79263973e-02,  1.16157204e-01, -2.40639731e-01, -1.42984852e-01,
   1.62625074e-01,  3.07127517e-02, -4.87255305e-02, -3.02673765e-02,
   2.01988190e-01, -6.21862486e-02,  2.24260502e-02,  2.43658125e-02,
  -1.81732386e-01,  2.52712488e-01,  0.00000000e+00,  0.00000000e+00,
   0.00000000e+00,  0.00000000e+00,  0.00000000e+00,  0.00000000e+00,
  -1.57509632e-02, -4.60625477e-02,  6.19528405e-02, -9.76425502e-03,
   2.24990726e-01,  5.59281111e-01, -8.31336901e-03, -4.47902232e-01,
  -6.30490065e-01,  0.00000000e+00,  0.00000000e+00,  0.00000000e+00,
   2.57443152e-02,  1.11332841e-01,  3.96023750e-01,  4.73676920e-02,
  -2.91340709e-01, -4.78197962e-01, -2.32790655e-04,  2.77676154e-02,
   1.08709589e-01,  3.87525279e-03, -1.86574541e-03, -1.25820711e-01,
   0.00000000e+00,  0.00000000e+00,  0.00000000e+00,  0.00000000e+00,
   0.00000000e+00,  0.00000000e+00,  0.00000000e+00,  0.00000000e+00,
   0.00000000e+00,  0.00000000e+00,  0.00000000e+00,  0.00000000e+00],
 [ 3.10387135e-01, -7.78667808e-01,  1.32340753e+00,  2.95934260e-01,
   4.72879335e-02,  1.37423709e-01,  5.86216450e-01,  3.99224227e-03,
   8.26693594e-01, -5.80239177e-01, -1.54400930e-01, -5.78496419e-02,
  -1.56169236e-01, -4.01359461e-02,  9.35823172e-02, -8.66776425e-03,
  -5.67654185e-02,  1.06465422e-01, -2.41923258e-01, -2.04766110e-01,
   1.14953458e-01,  2.85707880e-02, -3.49693410e-02, -2.34328825e-02,
   2.05437079e-01, -3.94481979e-02,  3.27082612e-02,  1.69965941e-02,
  -2.51622289e-01,  2.31340021e-01,  0.00000000e+00,  0.00000000e+00,
   0.00000000e+00,  0.00000000e+00,  0.00000000e+00,  0.00000000e+00,
  -2.07315087e-02, -4.79333140e-02,  6.52286559e-02, -5.20463707e-03,
   2.03948498e-01,  5.65144658e-01, -1.23524889e-02, -4.68533695e-01,
  -6.53666496e-01,  0.00000000e+00,  0.00000000e+00,  0.00000000e+00,
   2.48615071e-02,  1.02054760e-01,  3.97122234e-01,  4.90796119e-02,
  -3.00984681e-01, -4.88696903e-01, -1.03517283e-04,  2.71823648e-02,
   1.08336434e-01,  3.79385822e-03, -2.01294059e-03, -1.19301908e-01,
   0.00000000e+00,  0.00000000e+00,  0.00000000e+00,  0.00000000e+00,
   0.00000000e+00,  0.00000000e+00,  0.00000000e+00,  0.00000000e+00,
   0.00000000e+00,  0.00000000e+00,  0.00000000e+00,  0.00000000e+00],
 [ 5.37316203e-01, -1.00419915e+00,  1.34150302e+00,  3.32607716e-01,
   1.00910179e-02, -4.60390411e-02,  7.44029582e-01, -2.18398497e-02,
   5.80155969e-01, -6.16546810e-01, -1.09583728e-01,  1.61028907e-01,
  -1.12430036e-01, -6.17416315e-02,  1.35328695e-01,  4.86221313e-02,
  -7.06254542e-02,  1.32801741e-01, -2.29024991e-01, -1.36967570e-01,
   1.58121645e-01,  1.40978014e-02, -4.95792367e-02, -2.66154315e-02,
   1.99864253e-01, -5.56775220e-02,  2.49463171e-02,  3.22416723e-02,
  -1.71253875e-01,  2.38264963e-01,  0.00000000e+00,  0.00000000e+00,
   0.00000000e+00,  0.00000000e+00,  0.00000000e+00,  0.00000000e+00,
  -1.12781487e-02, -4.43932973e-02,  5.91429174e-02, -7.51167536e-03,
   2.37366095e-01,  5.39760947e-01, -1.44107295e-02, -4.49484915e-01,
  -6.21318400e-01,  0.00000000e+00,  0.00000000e+00,  0.00000000e+00,
   2.78041717e-02,  1.19001724e-01,  3.86729598e-01,  4.58744839e-02,
  -2.94361472e-01, -4.79840010e-01, -5.71044729e-05,  1.91334803e-02,
   1.04082413e-01,  4.14769677e-03, -6.25844160e-03, -1.40860155e-01,
   0.00000000e+00,  0.00000000e+00,  0.00000000e+00,  0.00000000e+00,
   0.00000000e+00,  0.00000000e+00,  0.00000000e+00,  0.00000000e+00,
   0.00000000e+00,  0.00000000e+00,  0.00000000e+00,  0.00000000e+00],
 [ 2.72701949e-01, -8.60892773e-01,  1.31444693e+00,  5.25698960e-01,
   5.65247163e-02, -1.45181865e-01,  7.41935253e-01, -7.34689832e-02,
   6.58960104e-01, -6.60492957e-01, -1.42789081e-01,  1.14892401e-01,
  -1.03012554e-01, -5.25392890e-02,  3.97768170e-02,  1.41727915e-02,
  -6.25018179e-02,  1.61478013e-01, -2.04731628e-01, -1.60357818e-01,
   8.26752484e-02,  4.23331447e-02, -5.04358970e-02, -3.39163318e-02,
   1.98835820e-01, -4.42928113e-02,  2.95074005e-02,  6.48405775e-02,
  -1.91773713e-01,  1.59963295e-01,  0.00000000e+00,  0.00000000e+00,
   0.00000000e+00,  0.00000000e+00,  0.00000000e+00,  0.00000000e+00,
  -3.58320773e-02, -4.84432019e-02,  6.88886940e-02,  1.26149168e-03,
   2.01353535e-01,  5.30642986e-01,  2.24456098e-03, -4.17179108e-01,
  -6.98379695e-01,  0.00000000e+00,  0.00000000e+00,  0.00000000e+00,
   2.64118873e-02,  9.87599492e-02,  3.72903943e-01,  4.92201783e-02,
  -2.80889064e-01, -5.18070936e-01,  5.86739225e-05,  2.23436132e-02,
   1.01245530e-01,  3.76350689e-03, -2.07082257e-02, -1.24861382e-01,
   0.00000000e+00,  0.00000000e+00,  0.00000000e+00,  0.00000000e+00,
   0.00000000e+00,  0.00000000e+00,  0.00000000e+00,  0.00000000e+00,
   0.00000000e+00,  0.00000000e+00,  0.00000000e+00,  0.00000000e+00],
 [ 1.77048624e-01, -6.94746673e-01,  1.28510416e+00,  6.78872108e-01,
   9.91491377e-02, -2.05054834e-01,  7.67988205e-01, -1.10354729e-01,
   6.86111391e-01, -7.30606019e-01, -1.67817637e-01,  1.16808347e-01,
  -4.38314527e-02, -3.73403691e-02, -2.01866515e-02,  8.20421800e-03,
  -6.90173283e-02,  1.75610363e-01, -1.97715491e-01, -1.80321991e-01,
   5.57389371e-02,  7.51745626e-02, -4.15108986e-02, -3.80210914e-02,
   2.09371999e-01, -4.80300225e-02,  3.04086879e-02,  7.74774924e-02,
  -2.07810044e-01,  1.23502426e-01,  0.00000000e+00,  0.00000000e+00,
   0.00000000e+00,  0.00000000e+00,  0.00000000e+00,  0.00000000e+00,
  -5.28602488e-02, -5.09317592e-02,  7.52450749e-02,  4.01407899e-03,
   1.76513255e-01,  5.09494603e-01,  1.31683992e-02, -3.99624318e-01,
  -7.16460407e-01,  0.00000000e+00,  0.00000000e+00,  0.00000000e+00,
   2.41029542e-02,  8.51723403e-02,  3.55868369e-01,  4.95268032e-02,
  -2.78863192e-01, -5.29791892e-01,  6.11082578e-05,  2.52529513e-02,
   9.48710740e-02,  3.74357309e-03, -3.80946584e-02, -1.23543642e-01,
   0.00000000e+00,  0.00000000e+00,  0.00000000e+00,  0.00000000e+00,
   0.00000000e+00,  0.00000000e+00,  0.00000000e+00,  0.00000000e+00,
   0.00000000e+00,  0.00000000e+00,  0.00000000e+00,  0.00000000e+00],
 [ 1.55809090e-01, -5.76271176e-01,  1.27358687e+00,  8.25519204e-01,
   1.20860294e-01, -3.11445773e-01,  7.69382596e-01, -1.26464978e-01,
   6.62400901e-01, -7.98572063e-01, -1.68203488e-01,  1.57945275e-01,
   5.36679961e-02, -2.56589968e-02, -7.59842396e-02,  6.33204030e-03,
  -7.15660006e-02,  1.82261690e-01, -1.95862561e-01, -1.72295168e-01,
   4.31655720e-02,  1.06385052e-01, -3.54334563e-02, -4.29475568e-02,
   2.16351628e-01, -4.82845642e-02,  3.18568461e-02,  8.06232318e-02,
  -1.92398727e-01,  9.39681679e-02,  0.00000000e+00,  0.00000000e+00,
   0.00000000e+00,  0.00000000e+00,  0.00000000e+00,  0.00000000e+00,
  -6.55023307e-02, -5.42598963e-02,  8.23092535e-02,  4.02588304e-03,
   1.59220338e-01,  4.77512896e-01,  2.43600495e-02, -3.76472056e-01,
  -7.30626762e-01,  0.00000000e+00,  0.00000000e+00,  0.00000000e+00,
   2.18855757e-02,  7.55397901e-02,  3.34508359e-01,  4.97327410e-02,
  -2.77148992e-01, -5.47474444e-01, -4.84491029e-05,  2.82147899e-02,
   9.08979252e-02,  3.64576955e-03, -5.80701977e-02, -1.28089115e-01,
   0.00000000e+00,  0.00000000e+00,  0.00000000e+00,  0.00000000e+00,
   0.00000000e+00,  0.00000000e+00,  0.00000000e+00,  0.00000000e+00,
   0.00000000e+00,  0.00000000e+00,  0.00000000e+00,  0.00000000e+00],
 [ 3.64761084e-01, -7.78008103e-01,  1.27847838e+00,  5.71880102e-01,
   4.81494367e-02, -2.36883804e-01,  7.19112813e-01, -7.80690014e-02,
   6.07701719e-01, -6.91458106e-01, -1.35080084e-01,  1.55653760e-01,
  -7.69652575e-02, -5.91739416e-02,  4.45307754e-02,  2.49460228e-02,
  -7.35397860e-02,  1.61807954e-01, -2.11083725e-01, -1.48452312e-01,
   1.00448191e-01,  4.91189137e-02, -5.56598566e-02, -3.80621739e-02,
   2.05821425e-01, -5.44953421e-02,  2.71160882e-02,  5.40632419e-02,
  -1.75717518e-01,  1.65755793e-01,  0.00000000e+00,  0.00000000e+00,
   0.00000000e+00,  0.00000000e+00,  0.00000000e+00,  0.00000000e+00,
  -3.69863100e-02, -5.20301871e-02,  7.38624185e-02, -1.63918629e-03,
   1.95978627e-01,  5.05965710e-01,  7.35183153e-03, -4.07999039e-01,
  -6.79520547e-01,  0.00000000e+00,  0.00000000e+00,  0.00000000e+00,
   2.45394353e-02,  9.57226828e-02,  3.64130467e-01,  4.86417823e-02,
  -2.90852636e-01, -5.12305915e-01, -2.71449739e-04,  2.73951292e-02,
   1.07214160e-01,  3.59608466e-03, -3.39932740e-02, -1.24619849e-01,
   0.00000000e+00,  0.00000000e+00,  0.00000000e+00,  0.00000000e+00,
   0.00000000e+00,  0.00000000e+00,  0.00000000e+00,  0.00000000e+00,
   0.00000000e+00,  0.00000000e+00,  0.00000000e+00,  0.00000000e+00],
 [ 4.58328247e-01, -8.17855358e-01,  1.31907201e+00,  4.68541980e-01,
   2.04425063e-02, -2.32973874e-01,  7.04146326e-01, -5.96517473e-02,
   5.91985524e-01, -6.48081958e-01, -1.07858717e-01,  1.92611620e-01,
  -1.04908079e-01, -6.82821199e-02,  7.85474256e-02,  2.53638662e-02,
  -7.20901713e-02,  1.51625857e-01, -2.18891293e-01, -1.17794164e-01,
   1.22427061e-01,  3.99510339e-02, -6.18031546e-02, -3.85946296e-02,
   2.21257374e-01, -5.38516454e-02,  3.10783945e-02,  3.40611339e-02,
  -1.43032879e-01,  1.83007896e-01,  0.00000000e+00,  0.00000000e+00,
   0.00000000e+00,  0.00000000e+00,  0.00000000e+00,  0.00000000e+00,
  -3.18227336e-02, -5.09469919e-02,  7.18404502e-02, -9.94004030e-03,
   2.21002579e-01,  4.91708428e-01, -4.06899140e-04, -4.25756365e-01,
  -6.39406919e-01,  0.00000000e+00,  0.00000000e+00,  0.00000000e+00,
   2.35233903e-02,  1.09326161e-01,  3.60934824e-01,  4.56438214e-02,
  -3.13290387e-01, -4.88935262e-01, -4.68319602e-04,  3.24178338e-02,
   1.10224940e-01,  3.19726137e-03, -4.28763516e-02, -1.27038747e-01,
   0.00000000e+00,  0.00000000e+00,  0.00000000e+00,  0.00000000e+00,
   0.00000000e+00,  0.00000000e+00,  0.00000000e+00,  0.00000000e+00,
   0.00000000e+00,  0.00000000e+00,  0.00000000e+00,  0.00000000e+00],
 [ 5.21821916e-01, -8.68305445e-01,  1.32748663e+00,  3.98850381e-01,
   3.17971525e-03, -1.96837410e-01,  7.15276599e-01, -4.21771444e-02,
   5.68503976e-01, -6.33238733e-01, -1.03415176e-01,  1.99705869e-01,
  -1.37594610e-01, -7.27029294e-02,  1.24234751e-01,  3.70266810e-02,
  -7.36127123e-02,  1.39293104e-01, -2.23800659e-01, -1.16449885e-01,
   1.42854229e-01,  2.10878812e-02, -6.26109540e-02, -3.42300907e-02,
   2.23124310e-01, -5.68903722e-02,  3.03500649e-02,  3.02945282e-02,
  -1.43630311e-01,  2.06261307e-01,  0.00000000e+00,  0.00000000e+00,
   0.00000000e+00,  0.00000000e+00,  0.00000000e+00,  0.00000000e+00,
  -2.33997572e-02, -5.04003614e-02,  6.97299391e-02, -1.28658535e-02,
   2.35280260e-01,  5.02365887e-01, -7.18583586e-03, -4.48464274e-01,
  -6.32926464e-01,  0.00000000e+00,  0.00000000e+00,  0.00000000e+00,
   2.39967648e-02,  1.15426369e-01,  3.67279500e-01,  4.60950807e-02,
  -3.22508633e-01, -4.83397365e-01, -4.86351317e-04,  3.14094238e-02,
   1.08964846e-01,  3.64221632e-03, -3.01432759e-02, -1.32223085e-01,
   0.00000000e+00,  0.00000000e+00,  0.00000000e+00,  0.00000000e+00,
   0.00000000e+00,  0.00000000e+00,  0.00000000e+00,  0.00000000e+00,
   0.00000000e+00,  0.00000000e+00,  0.00000000e+00,  0.00000000e+00],
 [ 5.13024151e-01, -8.97412002e-01,  1.34218884e+00,  3.85147512e-01,
  -1.71832938e-03, -1.62638396e-01,  7.19112635e-01, -3.41244228e-02,
   5.74295282e-01, -6.27829552e-01, -9.85498875e-02,  1.90168545e-01,
  -1.41725108e-01, -7.27097988e-02,  1.56980097e-01,  3.00650038e-02,
  -6.91485479e-02,  1.33875206e-01, -2.23303512e-01, -1.09411247e-01,
   1.39199615e-01,  1.03727523e-02, -5.94319887e-02, -3.01110111e-02,
   2.22138390e-01, -5.25709018e-02,  3.18223052e-02,  3.40330414e-02,
  -1.37706503e-01,  2.04105049e-01,  0.00000000e+00,  0.00000000e+00,
   0.00000000e+00,  0.00000000e+00,  0.00000000e+00,  0.00000000e+00,
  -2.17365455e-02, -5.24735861e-02,  7.21324533e-02, -1.34037547e-02,
   2.36885831e-01,  5.03866136e-01, -5.50267519e-03, -4.48945224e-01,
  -6.49647295e-01,  0.00000000e+00,  0.00000000e+00,  0.00000000e+00,
   2.39968691e-02,  1.15165234e-01,  3.68403822e-01,  4.76604588e-02,
  -3.19798559e-01, -4.96244699e-01, -3.23668908e-04,  2.93946266e-02,
   1.10945374e-01,  3.90837807e-03, -2.67442912e-02, -1.33520886e-01,
   0.00000000e+00,  0.00000000e+00,  0.00000000e+00,  0.00000000e+00,
   0.00000000e+00,  0.00000000e+00,  0.00000000e+00,  0.00000000e+00,
   0.00000000e+00,  0.00000000e+00,  0.00000000e+00,  0.00000000e+00],
 [ 4.79306787e-01, -9.01308179e-01,  1.33601463e+00,  4.04798269e-01,
   1.73405965e-03, -1.48271769e-01,  7.16557145e-01, -4.02115881e-02,
   5.68629980e-01, -6.33003831e-01, -1.12663306e-01,  1.79515243e-01,
  -1.35174826e-01, -7.09221065e-02,  1.55488983e-01,  2.63304692e-02,
  -6.72334507e-02,  1.37548327e-01, -2.21740350e-01, -1.23410098e-01,
   1.34042352e-01,  1.21095339e-02, -5.77291809e-02, -2.96760146e-02,
   2.05488443e-01, -5.02163060e-02,  2.87445355e-02,  3.79922986e-02,
  -1.52239904e-01,  2.00363964e-01,  0.00000000e+00,  0.00000000e+00,
   0.00000000e+00,  0.00000000e+00,  0.00000000e+00,  0.00000000e+00,
  -1.90779399e-02, -5.22281192e-02,  7.14152455e-02, -1.12095363e-02,
   2.34394670e-01,  5.08265376e-01, -6.56731566e-03, -4.48714197e-01,
  -6.47118926e-01,  0.00000000e+00,  0.00000000e+00,  0.00000000e+00,
   2.44742054e-02,  1.12575553e-01,  3.69112492e-01,  4.76986095e-02,
  -3.13804358e-01, -4.91804600e-01, -1.77282986e-04,  2.58127935e-02,
   1.11994952e-01,  4.01334511e-03, -2.23667994e-02, -1.33833453e-01,
   0.00000000e+00,  0.00000000e+00,  0.00000000e+00,  0.00000000e+00,
   0.00000000e+00,  0.00000000e+00,  0.00000000e+00,  0.00000000e+00,
   0.00000000e+00,  0.00000000e+00,  0.00000000e+00,  0.00000000e+00],
 [ 3.70063424e-01, -8.69875848e-01,  1.30904150e+00,  4.42677081e-01,
   1.43539943e-02, -1.44042835e-01,  7.29236364e-01, -5.60643636e-02,
   5.87461829e-01, -6.44671023e-01, -1.31789967e-01,  1.51551619e-01,
  -1.32216454e-01, -6.45041242e-02,  1.33574322e-01,  1.87454242e-02,
  -6.59507737e-02,  1.44699782e-01, -2.11396500e-01, -1.41045302e-01,
   1.08124115e-01,  2.62412392e-02, -5.37397563e-02, -3.13491635e-02,
   1.97303489e-01, -4.83391732e-02,  2.75955237e-02,  5.56300804e-02,
  -1.70570254e-01,  1.77071989e-01,  0.00000000e+00,  0.00000000e+00,
   0.00000000e+00,  0.00000000e+00,  0.00000000e+00,  0.00000000e+00,
  -2.73538176e-02, -5.08582406e-02,  7.09079131e-02, -4.82596038e-03,
   2.18181178e-01,  5.20017445e-01,  2.71907447e-06, -4.35518533e-01,
  -6.76673949e-01,  0.00000000e+00,  0.00000000e+00,  0.00000000e+00,
   2.49740072e-02,  1.02828071e-01,  3.69453698e-01,  4.94957119e-02,
  -3.00751150e-01, -5.05030870e-01, -5.54812541e-05,  2.44211480e-02,
   1.06887653e-01,  3.64880823e-03, -2.22524088e-02, -1.27650157e-01,
   0.00000000e+00,  0.00000000e+00,  0.00000000e+00,  0.00000000e+00,
   0.00000000e+00,  0.00000000e+00,  0.00000000e+00,  0.00000000e+00,
   0.00000000e+00,  0.00000000e+00,  0.00000000e+00,  0.00000000e+00],
 [ 3.08524191e-01, -8.21118355e-01,  1.29398322e+00,  4.93864447e-01,
   2.73223501e-02, -1.45388022e-01,  7.63348043e-01, -7.36733824e-02,
   6.02426410e-01, -6.73267066e-01, -1.30515605e-01,  1.34905472e-01,
  -1.19070873e-01, -5.99460900e-02,  1.12412408e-01,  2.79654674e-02,
  -6.96339384e-02,  1.51262790e-01, -2.03104854e-01, -1.39705524e-01,
   8.70680511e-02,  3.34059149e-02, -5.09387664e-02, -3.18615995e-02,
   1.97119191e-01, -5.18301912e-02,  2.60130689e-02,  6.57344535e-02,
  -1.67412341e-01,  1.52791247e-01,  0.00000000e+00,  0.00000000e+00,
   0.00000000e+00,  0.00000000e+00,  0.00000000e+00,  0.00000000e+00,
  -3.64954956e-02, -5.05307540e-02,  7.19534755e-02, -7.81574403e-04,
   2.00137302e-01,  5.20466387e-01,  1.03296936e-02, -4.12341356e-01,
  -7.04267204e-01,  0.00000000e+00,  0.00000000e+00,  0.00000000e+00,
   2.45499071e-02,  9.28649753e-02,  3.66613626e-01,  5.06987646e-02,
  -2.87410498e-01, -5.20522296e-01, -9.18631631e-05,  2.65769679e-02,
   1.05387181e-01,  3.31269298e-03, -3.04902494e-02, -1.19138777e-01,
   0.00000000e+00,  0.00000000e+00,  0.00000000e+00,  0.00000000e+00,
   0.00000000e+00,  0.00000000e+00,  0.00000000e+00,  0.00000000e+00,
   0.00000000e+00,  0.00000000e+00,  0.00000000e+00,  0.00000000e+00],
 [ 2.74870396e-01, -7.84705758e-01,  1.26852560e+00,  5.78966618e-01,
   4.35275286e-02, -1.55662596e-01,  7.55250037e-01, -8.00022036e-02,
   6.18280232e-01, -7.01721013e-01, -1.44835055e-01,  1.16793886e-01,
  -9.34176221e-02, -6.01104461e-02,  8.54630694e-02,  2.72661857e-02,
  -6.81350231e-02,  1.54247612e-01, -2.02192649e-01, -1.57616198e-01,
   7.72871077e-02,  4.23416682e-02, -5.27373627e-02, -3.50059494e-02,
   2.00550497e-01, -5.00777811e-02,  2.74829008e-02,  7.34296218e-02,
  -1.86145112e-01,  1.45727068e-01,  0.00000000e+00,  0.00000000e+00,
   0.00000000e+00,  0.00000000e+00,  0.00000000e+00,  0.00000000e+00,
  -4.12138142e-02, -4.96575981e-02,  7.12253377e-02,  3.79677187e-03,
   1.86762288e-01,  5.32392681e-01,  1.48194926e-02, -4.02551144e-01,
  -7.23043561e-01,  0.00000000e+00,  0.00000000e+00,  0.00000000e+00,
   2.52876915e-02,  8.65258276e-02,  3.71732861e-01,  5.22177890e-02,
  -2.75511235e-01, -5.31389177e-01, -7.23842095e-05,  2.54524127e-02,
   1.02659725e-01,  3.28522385e-03, -2.81899553e-02, -1.10636890e-01,
   0.00000000e+00,  0.00000000e+00,  0.00000000e+00,  0.00000000e+00,
   0.00000000e+00,  0.00000000e+00,  0.00000000e+00,  0.00000000e+00,
   0.00000000e+00,  0.00000000e+00,  0.00000000e+00,  0.00000000e+00],
 [ 2.76812196e-01, -7.42447913e-01,  1.29429948e+00,  6.27622187e-01,
   5.24842180e-02, -1.78765774e-01,  7.29036808e-01, -8.41735452e-02,
   5.95681190e-01, -7.13316858e-01, -1.48752555e-01,  1.42403901e-01,
  -6.20425567e-02, -5.71858883e-02,  6.51185960e-02,  2.17418633e-02,
  -6.92439303e-02,  1.48421824e-01, -2.07111388e-01, -1.59478873e-01,
   7.94644356e-02,  5.28264716e-02, -5.12395315e-02, -3.68837975e-02,
   2.04731777e-01, -5.11543974e-02,  2.80271657e-02,  5.92296161e-02,
  -1.85003087e-01,  1.41815066e-01,  0.00000000e+00,  0.00000000e+00,
   0.00000000e+00,  0.00000000e+00,  0.00000000e+00,  0.00000000e+00,
  -4.24329005e-02, -4.94871177e-02,  7.12437481e-02,  8.68256204e-04,
   1.90435007e-01,  5.10992706e-01,  9.06058867e-03, -4.06226128e-01,
  -6.93185151e-01,  0.00000000e+00,  0.00000000e+00,  0.00000000e+00,
   2.49221921e-02,  9.15809944e-02,  3.61427665e-01,  4.93250117e-02,
  -2.83230692e-01, -5.16485035e-01, -1.15777482e-04,  2.51681060e-02,
   1.02056831e-01,  3.43147223e-03, -3.59898619e-02, -1.16488241e-01,
   0.00000000e+00,  0.00000000e+00,  0.00000000e+00,  0.00000000e+00,
   0.00000000e+00,  0.00000000e+00,  0.00000000e+00,  0.00000000e+00,
   0.00000000e+00,  0.00000000e+00,  0.00000000e+00,  0.00000000e+00],
 [ 1.57971710e-01, -5.65546215e-01,  1.35672045e+00,  8.50433826e-01,
   1.00008331e-01, -2.71599054e-01,  7.56442726e-01, -1.14617601e-01,
   5.95950246e-01, -8.13334525e-01, -1.64238214e-01,  1.99910164e-01,
   6.71583936e-02, -3.36167142e-02, -3.59112844e-02,  3.12046218e-03,
  -6.62104860e-02,  1.53896347e-01, -2.03111798e-01, -1.59354702e-01,
   4.25555743e-02,  1.07326500e-01, -3.81609350e-02, -4.43563834e-02,
   2.25860178e-01, -4.50059846e-02,  3.53375673e-02,  6.75589517e-02,
  -1.74851030e-01,  8.28411505e-02,  0.00000000e+00,  0.00000000e+00,
   0.00000000e+00,  0.00000000e+00,  0.00000000e+00,  0.00000000e+00,
  -6.50616065e-02, -4.96014096e-02,  7.60917068e-02, -1.13506522e-03,
   1.81439832e-01,  4.68297005e-01,  1.37435487e-02, -3.99575740e-01,
  -7.10045040e-01,  0.00000000e+00,  0.00000000e+00,  0.00000000e+00,
   2.26078946e-02,  8.81995857e-02,  3.26926053e-01,  4.76898812e-02,
  -2.95613289e-01, -5.30918241e-01, -1.34736629e-05,  2.72620674e-02,
   8.62909555e-02,  3.27022304e-03, -6.33091629e-02, -1.25523254e-01,
   0.00000000e+00,  0.00000000e+00,  0.00000000e+00,  0.00000000e+00,
   0.00000000e+00,  0.00000000e+00,  0.00000000e+00,  0.00000000e+00,
   0.00000000e+00,  0.00000000e+00,  0.00000000e+00,  0.00000000e+00],
 [ 3.93109620e-01, -8.13823044e-01,  1.31307304e+00,  5.61874270e-01,
   2.68402137e-02, -9.01285633e-02,  7.47846186e-01, -6.50099739e-02,
   5.43370545e-01, -7.05385268e-01, -1.33949295e-01,  1.40636921e-01,
  -9.16743651e-02, -6.74263760e-02,  1.18993312e-01,  3.98414358e-02,
  -7.76025727e-02,  1.33624688e-01, -2.19343752e-01, -1.50785476e-01,
   1.02839470e-01,  2.76686978e-02, -5.59414513e-02, -3.28118056e-02,
   2.00121522e-01, -6.15552366e-02,  2.26094723e-02,  5.04111946e-02,
  -1.79062054e-01,  1.70582563e-01,  0.00000000e+00,  0.00000000e+00,
   0.00000000e+00,  0.00000000e+00,  0.00000000e+00,  0.00000000e+00,
  -3.39193605e-02, -4.90559749e-02,  6.92259595e-02,  1.33895234e-03,
   2.02170223e-01,  5.36650538e-01,  4.97086206e-03, -4.11580145e-01,
  -6.94142759e-01,  0.00000000e+00,  0.00000000e+00,  0.00000000e+00,
   2.70721111e-02,  9.97294337e-02,  3.81157637e-01,  5.05181849e-02,
  -2.77207136e-01, -5.14261007e-01, -1.42666235e-04,  2.29863413e-02,
   1.06336594e-01,  3.38060944e-03, -1.77967101e-02, -1.09131038e-01,
   0.00000000e+00,  0.00000000e+00,  0.00000000e+00,  0.00000000e+00,
   0.00000000e+00,  0.00000000e+00,  0.00000000e+00,  0.00000000e+00,
   0.00000000e+00,  0.00000000e+00,  0.00000000e+00,  0.00000000e+00],
 [ 5.92565835e-01, -9.95895982e-01,  1.28137589e+00,  4.49887067e-01,
   9.12659615e-03,  4.45417501e-02,  7.65924573e-01, -3.16646583e-02,
   4.77136761e-01, -6.70139015e-01, -1.11551329e-01,  1.30783528e-01,
  -7.99402148e-02, -6.74321875e-02,  2.05390722e-01,  6.26835451e-02,
  -8.20000544e-02,  1.13651849e-01, -2.28524566e-01, -1.35706902e-01,
   1.46278039e-01,  1.04786931e-02, -4.69777249e-02, -2.44597644e-02,
   1.85281873e-01, -6.89607114e-02,  1.61222350e-02,  5.56335002e-02,
  -1.69912800e-01,  2.26331234e-01,  0.00000000e+00,  0.00000000e+00,
   0.00000000e+00,  0.00000000e+00,  0.00000000e+00,  0.00000000e+00,
  -1.71471946e-02, -4.70645204e-02,  6.35527670e-02,  4.88645351e-03,
   2.11259082e-01,  5.86863816e-01,  3.89750791e-03, -3.99814934e-01,
  -6.81907296e-01,  0.00000000e+00,  0.00000000e+00,  0.00000000e+00,
   2.96432227e-02,  1.02308266e-01,  4.16688830e-01,  5.17490618e-02,
  -2.45803654e-01, -5.01473665e-01,  3.52062489e-05,  1.71471518e-02,
   1.13503136e-01,  3.78411240e-03,  1.32635506e-02, -1.01605333e-01,
   0.00000000e+00,  0.00000000e+00,  0.00000000e+00,  0.00000000e+00,
   0.00000000e+00,  0.00000000e+00,  0.00000000e+00,  0.00000000e+00,
   0.00000000e+00,  0.00000000e+00,  0.00000000e+00,  0.00000000e+00],
 [ 5.60874760e-01, -9.88799751e-01,  1.24806738e+00,  4.16515380e-01,
   4.29296829e-02,  1.95371941e-01,  7.07042754e-01, -9.79171507e-03,
   5.75221241e-01, -6.54398978e-01, -1.21102892e-01,  4.82396893e-02,
  -7.31167495e-02, -5.70458658e-02,  1.93742827e-01,  3.75805460e-02,
  -7.63945654e-02,  1.15971312e-01, -2.32976079e-01, -1.62313655e-01,
   1.41335189e-01,  1.94563512e-02, -3.83025445e-02, -2.25953087e-02,
   1.63040310e-01, -6.20289594e-02,  1.40461605e-02,  5.99234216e-02,
  -2.03506261e-01,  2.36743242e-01,  0.00000000e+00,  0.00000000e+00,
   0.00000000e+00,  0.00000000e+00,  0.00000000e+00,  0.00000000e+00,
  -1.71513427e-02, -4.91820499e-02,  6.59843162e-02,  6.94943126e-03,
   1.94982648e-01,  6.17784441e-01,  5.25019737e-03, -3.93080264e-01,
  -6.91435814e-01,  0.00000000e+00,  0.00000000e+00,  0.00000000e+00,
   2.90821623e-02,  9.32619348e-02,  4.29827720e-01,  5.20709716e-02,
  -2.28867859e-01, -4.98646259e-01,  3.76903394e-04,  1.57045461e-02,
   1.15534201e-01,  3.29839345e-03,  2.54222900e-02, -9.16340202e-02,
   0.00000000e+00,  0.00000000e+00,  0.00000000e+00,  0.00000000e+00,
   0.00000000e+00,  0.00000000e+00,  0.00000000e+00,  0.00000000e+00,
   0.00000000e+00,  0.00000000e+00,  0.00000000e+00,  0.00000000e+00],
 [ 5.28888941e-01, -9.95510697e-01,  1.22180390e+00,  4.00480568e-01,
   5.50714694e-02,  2.55211353e-01,  7.39222705e-01, -2.68423790e-03,
   6.17467821e-01, -6.59002244e-01, -1.27298549e-01,  1.11732334e-02,
  -7.35019520e-02, -5.24717644e-02,  1.78361431e-01,  3.73485126e-02,
  -7.23614022e-02,  1.17067516e-01, -2.26755813e-01, -1.74475640e-01,
   1.27303630e-01,  2.99419295e-02, -3.52175385e-02, -2.38820445e-02,
   1.65962875e-01, -5.80252595e-02,  1.59908775e-02,  7.91410655e-02,
  -2.18092903e-01,  2.28870824e-01,  0.00000000e+00,  0.00000000e+00,
   0.00000000e+00,  0.00000000e+00,  0.00000000e+00,  0.00000000e+00,
  -1.93269905e-02, -4.81469147e-02,  6.49981350e-02,  1.16640683e-02,
   1.83410004e-01,  6.37223721e-01,  9.73081589e-03, -3.79905432e-01,
  -7.06130385e-01,  0.00000000e+00,  0.00000000e+00,  0.00000000e+00,
   2.95585562e-02,  8.58622715e-02,  4.41163421e-01,  5.28298281e-02,
  -2.14415595e-01, -5.00851154e-01,  2.81876564e-04,  1.75823718e-02,
   1.16836838e-01,  3.25458124e-03,  3.14702466e-02, -8.59955475e-02,
   0.00000000e+00,  0.00000000e+00,  0.00000000e+00,  0.00000000e+00,
   0.00000000e+00,  0.00000000e+00,  0.00000000e+00,  0.00000000e+00,
   0.00000000e+00,  0.00000000e+00,  0.00000000e+00,  0.00000000e+00],
 [ 5.07634461e-01, -9.44667876e-01,  1.23744833e+00,  4.60049659e-01,
   1.72976516e-02, -8.13537557e-03,  7.92329550e-01, -5.33275418e-02,
   5.40053308e-01, -6.61932707e-01, -1.01270877e-01,  1.23392202e-01,
  -8.07819739e-02, -6.50895834e-02,  1.67367354e-01,  4.86511216e-02,
  -7.72797167e-02,  1.47150591e-01, -2.12909520e-01, -1.19695231e-01,
   1.15752853e-01,  2.81443484e-02, -4.86362725e-02, -2.96077766e-02,
   1.80642083e-01, -6.10343032e-02,  1.81888267e-02,  7.05581605e-02,
  -1.53189257e-01,  1.95627242e-01,  0.00000000e+00,  0.00000000e+00,
   0.00000000e+00,  0.00000000e+00,  0.00000000e+00,  0.00000000e+00,
  -3.04203294e-02, -5.16292155e-02,  7.16067627e-02,  6.37312513e-03,
   1.93149880e-01,  5.70215523e-01,  1.69627052e-02, -3.68539214e-01,
  -7.05231011e-01,  0.00000000e+00,  0.00000000e+00,  0.00000000e+00,
   2.68266965e-02,  9.35150981e-02,  4.04742301e-01,  5.11371084e-02,
  -2.40657166e-01, -5.14836967e-01, -3.00999323e-04,  3.21543477e-02,
   1.16243199e-01,  3.39206425e-03, -6.59100572e-03, -1.01243138e-01,
   0.00000000e+00,  0.00000000e+00,  0.00000000e+00,  0.00000000e+00,
   0.00000000e+00,  0.00000000e+00,  0.00000000e+00,  0.00000000e+00,
   0.00000000e+00,  0.00000000e+00,  0.00000000e+00,  0.00000000e+00],
 [ 5.89698792e-01, -1.02393460e+00,  1.21575224e+00,  3.56863409e-01,
   1.79344974e-02,  1.40737996e-01,  7.57134438e-01,  9.33798321e-04,
   6.00267589e-01, -6.48429513e-01, -1.03065558e-01,  6.21161759e-02,
  -7.61030316e-02, -6.36994019e-02,  1.94011495e-01,  5.97237535e-02,
  -7.48415738e-02,  1.23964071e-01, -2.25485325e-01, -1.42392248e-01,
   1.36453733e-01,  2.73806974e-02, -4.47164662e-02, -2.76883580e-02,
   1.82280391e-01, -5.93633205e-02,  1.88258756e-02,  7.02542365e-02,
  -1.82635769e-01,  2.29698539e-01,  0.00000000e+00,  0.00000000e+00,
   0.00000000e+00,  0.00000000e+00,  0.00000000e+00,  0.00000000e+00,
  -1.83710847e-02, -4.79576029e-02,  6.47059157e-02,  6.79451553e-03,
   1.98377728e-01,  6.15835011e-01,  1.06787086e-02, -3.84918481e-01,
  -6.93947971e-01,  0.00000000e+00,  0.00000000e+00,  0.00000000e+00,
   2.85216458e-02,  9.53386575e-02,  4.32112545e-01,  5.20841628e-02,
  -2.31635183e-01, -4.98734474e-01,  1.29088221e-04,  2.30842400e-02,
   1.21314503e-01,  3.52169736e-03,  1.96075942e-02, -9.17095914e-02,
   0.00000000e+00,  0.00000000e+00,  0.00000000e+00,  0.00000000e+00,
   0.00000000e+00,  0.00000000e+00,  0.00000000e+00,  0.00000000e+00,
   0.00000000e+00,  0.00000000e+00,  0.00000000e+00,  0.00000000e+00],
 [ 5.77047050e-01, -9.59788620e-01,  1.24367034e+00,  3.07863891e-01,
   1.87451839e-02,  1.54334694e-01,  7.19134450e-01,  7.37331947e-03,
   6.27942502e-01, -6.33972168e-01, -1.10614419e-01,  5.48221059e-02,
  -8.94326866e-02, -6.18394390e-02,  1.85337350e-01,  5.31511493e-02,
  -7.42144883e-02,  1.11736029e-01, -2.35241696e-01, -1.56859502e-01,
   1.47965401e-01,  2.70336419e-02, -4.41749468e-02, -2.72908825e-02,
   1.88713387e-01, -6.11790270e-02,  2.03369819e-02,  4.47671339e-02,
  -1.98667109e-01,  2.44566888e-01,  0.00000000e+00,  0.00000000e+00,
   0.00000000e+00,  0.00000000e+00,  0.00000000e+00,  0.00000000e+00,
  -1.56237651e-02, -4.93981428e-02,  6.61668554e-02, -3.35608755e-04,
   2.06853941e-01,  5.89612246e-01, -2.32927978e-05, -4.11477298e-01,
  -6.51540399e-01,  0.00000000e+00,  0.00000000e+00,  0.00000000e+00,
   2.67708972e-02,  1.01052210e-01,  4.14931059e-01,  4.94816937e-02,
  -2.53264338e-01, -4.81750488e-01,  2.75813683e-04,  2.13080347e-02,
   1.19673558e-01,  3.56059545e-03,  1.56022124e-02, -1.07235655e-01,
   0.00000000e+00,  0.00000000e+00,  0.00000000e+00,  0.00000000e+00,
   0.00000000e+00,  0.00000000e+00,  0.00000000e+00,  0.00000000e+00,
   0.00000000e+00,  0.00000000e+00,  0.00000000e+00,  0.00000000e+00],
 [ 6.25312626e-01, -9.95875239e-01,  1.26639652e+00,  2.63374448e-01,
  -1.80976149e-02, -1.97761338e-02,  7.36509264e-01,  8.35435186e-03,
   5.74052036e-01, -6.23857081e-01, -1.13906525e-01,  1.38484463e-01,
  -1.12184435e-01, -7.26850256e-02,  1.87740088e-01,  6.63381591e-02,
  -7.78873563e-02,  1.10462606e-01, -2.34545305e-01, -1.47341490e-01,
   1.75677598e-01,  1.44863147e-02, -5.51555529e-02, -2.92121395e-02,
   1.93705171e-01, -6.63358867e-02,  1.96053162e-02,  3.31473053e-02,
  -1.84676871e-01,  2.60304153e-01,  0.00000000e+00,  0.00000000e+00,
   0.00000000e+00,  0.00000000e+00,  0.00000000e+00,  0.00000000e+00,
  -1.08072357e-02, -4.58981320e-02,  6.08720854e-02, -6.02516718e-03,
   2.26457626e-01,  5.59093058e-01, -9.45693068e-03, -4.33277905e-01,
  -6.07471585e-01,  0.00000000e+00,  0.00000000e+00,  0.00000000e+00,
   2.69242898e-02,  1.11960486e-01,  3.99947643e-01,  4.69157025e-02,
  -2.75988907e-01, -4.66517627e-01,  1.03929000e-04,  1.59110352e-02,
   1.14175983e-01,  4.44076629e-03,  1.22483140e-02, -1.30508661e-01,
   0.00000000e+00,  0.00000000e+00,  0.00000000e+00,  0.00000000e+00,
   0.00000000e+00,  0.00000000e+00,  0.00000000e+00,  0.00000000e+00,
   0.00000000e+00,  0.00000000e+00,  0.00000000e+00,  0.00000000e+00],
 [-4.20683891e-01, -1.01353228e-01,  1.28997588e+00,  1.54750288e-01,
   9.78469923e-02,  3.38484585e-01, -1.79065112e-02,  2.38464121e-02,
   1.00100338e+00, -2.69479454e-01, -3.25748146e-01, -4.25189376e-01,
  -1.89193040e-01,  4.10922430e-02, -8.16773325e-02, -1.13569528e-01,
   2.43796073e-02,  2.95229740e-02, -2.16294929e-01, -3.65160704e-01,
  -3.83335836e-02,  2.93982271e-02,  2.40844898e-02,  3.95904062e-03,
   1.97401881e-01,  3.59785408e-02,  6.07972890e-02, -1.91137362e-02,
  -4.33226854e-01,  1.39366984e-01,  0.00000000e+00,  0.00000000e+00,
   0.00000000e+00,  0.00000000e+00,  0.00000000e+00,  0.00000000e+00,
  -4.65747081e-02, -5.35432771e-02,  7.65948296e-02,  1.41289178e-03,
   1.32402793e-01,  5.30881286e-01, -1.02928132e-02, -5.07717490e-01,
  -6.59336627e-01,  0.00000000e+00,  0.00000000e+00,  0.00000000e+00,
   1.82211585e-02,  7.32723251e-02,  3.83292377e-01,  5.13922833e-02,
  -3.47779483e-01, -4.83792603e-01, -6.30893046e-04,  4.95795012e-02,
   1.23083159e-01,  2.73278332e-03, -2.63928827e-02, -9.73911956e-02,
   0.00000000e+00,  0.00000000e+00,  0.00000000e+00,  0.00000000e+00,
   0.00000000e+00,  0.00000000e+00,  0.00000000e+00,  0.00000000e+00,
   0.00000000e+00,  0.00000000e+00,  0.00000000e+00,  0.00000000e+00],
 [ 5.43633997e-01, -8.70170474e-01,  1.33044112e+00,  2.49595135e-01,
   1.04938252e-02,  1.01562671e-01,  6.88390613e-01,  1.68380346e-02,
   6.50460541e-01, -6.22876644e-01, -1.23053320e-01,  6.71722367e-02,
  -1.33216664e-01, -5.62565774e-02,  1.71389446e-01,  4.29143161e-02,
  -7.78031275e-02,  9.32887197e-02, -2.52951890e-01, -1.71446353e-01,
   1.68321326e-01,  1.31617673e-02, -4.18583490e-02, -2.26937793e-02,
   1.99098259e-01, -6.70516938e-02,  2.13910062e-02,  2.34754616e-03,
  -2.13019863e-01,  2.64280647e-01,  0.00000000e+00,  0.00000000e+00,
   0.00000000e+00,  0.00000000e+00,  0.00000000e+00,  0.00000000e+00,
  -1.38268638e-02, -4.28108424e-02,  5.76028489e-02, -1.18608894e-02,
   2.21282303e-01,  5.38298249e-01, -1.89518481e-02, -4.57574725e-01,
  -5.62072158e-01,  0.00000000e+00,  0.00000000e+00,  0.00000000e+00,
   2.43966375e-02,  1.12525068e-01,  3.87286752e-01,  4.25960198e-02,
  -2.94178218e-01, -4.42879081e-01, -1.59384435e-05,  2.14209799e-02,
   1.13777116e-01,  3.99032235e-03,  2.26730737e-03, -1.34055972e-01,
   0.00000000e+00,  0.00000000e+00,  0.00000000e+00,  0.00000000e+00,
   0.00000000e+00,  0.00000000e+00,  0.00000000e+00,  0.00000000e+00,
   0.00000000e+00,  0.00000000e+00,  0.00000000e+00,  0.00000000e+00],
 [ 7.20796525e-01, -1.03936625e+00,  1.30389941e+00,  2.68770933e-01,
  -2.25591529e-02, -3.53404842e-02,  7.56941080e-01, -9.36202239e-03,
   4.51409638e-01, -6.18938804e-01, -7.85045773e-02,  2.08040252e-01,
  -8.96234587e-02, -7.21365288e-02,  2.17753693e-01,  7.54876584e-02,
  -8.30036551e-02,  1.06655836e-01, -2.35786483e-01, -1.05927497e-01,
   1.99876890e-01,  3.26101691e-03, -5.08663505e-02, -2.45102774e-02,
   1.89366400e-01, -7.12386221e-02,  1.64430588e-02,  2.17086114e-02,
  -1.36486083e-01,  2.71958262e-01,  0.00000000e+00,  0.00000000e+00,
   0.00000000e+00,  0.00000000e+00,  0.00000000e+00,  0.00000000e+00,
  -9.06903856e-03, -4.21378799e-02,  5.59666492e-02, -1.20890774e-02,
   2.39407465e-01,  5.29739320e-01, -1.10407313e-02, -4.28526878e-01,
  -5.57674944e-01,  0.00000000e+00,  0.00000000e+00,  0.00000000e+00,
   2.55534612e-02,  1.19710259e-01,  3.87666732e-01,  4.34560254e-02,
  -2.82044262e-01, -4.42181021e-01, -1.27007457e-04,  2.12847590e-02,
   1.15905404e-01,  3.94101394e-03, -2.33260472e-03, -1.38104752e-01,
   0.00000000e+00,  0.00000000e+00,  0.00000000e+00,  0.00000000e+00,
   0.00000000e+00,  0.00000000e+00,  0.00000000e+00,  0.00000000e+00,
   0.00000000e+00,  0.00000000e+00,  0.00000000e+00,  0.00000000e+00],
 [ 4.47251201e-01, -8.38745236e-01,  1.29653668e+00,  4.71246034e-01,
   1.72542389e-02, -1.90871269e-01,  7.77859509e-01, -6.33315668e-02,
   5.78374743e-01, -6.86269522e-01, -1.24552317e-01,  1.88173026e-01,
  -1.09363988e-01, -6.95018917e-02,  1.13321580e-01,  4.42674384e-02,
  -7.48810098e-02,  1.47200122e-01, -2.16433838e-01, -1.38190418e-01,
   1.22061782e-01,  3.67743000e-02, -5.94440997e-02, -3.67546864e-02,
   2.07139298e-01, -5.80751039e-02,  2.56682169e-02,  4.53606099e-02,
  -1.64390072e-01,  1.84042156e-01,  0.00000000e+00,  0.00000000e+00,
   0.00000000e+00,  0.00000000e+00,  0.00000000e+00,  0.00000000e+00,
  -3.04314140e-02, -4.63349782e-02,  6.54070228e-02, -4.85867262e-03,
   2.04991937e-01,  5.02770603e-01,  1.06618892e-04, -4.02909905e-01,
  -6.22990191e-01,  0.00000000e+00,  0.00000000e+00,  0.00000000e+00,
   2.37542242e-02,  1.02878831e-01,  3.68761957e-01,  4.56501953e-02,
  -2.81038195e-01, -4.74850893e-01, -4.38491581e-04,  3.23923603e-02,
   1.16431251e-01,  3.68626113e-03, -2.64406186e-02, -1.23679519e-01,
   0.00000000e+00,  0.00000000e+00,  0.00000000e+00,  0.00000000e+00,
   0.00000000e+00,  0.00000000e+00,  0.00000000e+00,  0.00000000e+00,
   0.00000000e+00,  0.00000000e+00,  0.00000000e+00,  0.00000000e+00],
 [ 1.74932688e-01, -5.31891644e-01,  1.35727870e+00,  9.42015171e-01,
   1.00870788e-01, -4.37815517e-01,  8.94979417e-01, -1.34253159e-01,
   5.36215127e-01, -8.93947661e-01, -1.47423729e-01,  3.18574518e-01,
   1.29339963e-01, -2.88590658e-02, -6.38212115e-02,  3.51674780e-02,
  -7.43817613e-02,  1.63849562e-01, -1.93081602e-01, -1.18978605e-01,
   2.58031916e-02,  1.50489807e-01, -3.49509828e-02, -5.38467355e-02,
   2.47210488e-01, -5.05922958e-02,  3.75286750e-02,  1.01277217e-01,
  -1.26443043e-01,  4.40730602e-02,  0.00000000e+00,  0.00000000e+00,
   0.00000000e+00,  0.00000000e+00,  0.00000000e+00,  0.00000000e+00,
  -8.37398842e-02, -4.91549522e-02,  8.05912763e-02,  1.85283704e-03,
   1.66224465e-01,  4.48515415e-01,  3.14796232e-02, -3.49465489e-01,
  -7.27001846e-01,  0.00000000e+00,  0.00000000e+00,  0.00000000e+00,
   1.92448031e-02,  7.91620165e-02,  3.06526542e-01,  4.75281738e-02,
  -2.68724918e-01, -5.37432194e-01,  1.76932535e-05,  3.67889032e-02,
   8.16356689e-02,  3.46477004e-03, -8.01648423e-02, -1.33822531e-01,
   0.00000000e+00,  0.00000000e+00,  0.00000000e+00,  0.00000000e+00,
   0.00000000e+00,  0.00000000e+00,  0.00000000e+00,  0.00000000e+00,
   0.00000000e+00,  0.00000000e+00,  0.00000000e+00,  0.00000000e+00],
 [ 2.52545446e-01, -7.24758089e-01,  1.32818246e+00,  6.46531403e-01,
   6.46424666e-02, -1.55591026e-01,  7.81112552e-01, -9.97029841e-02,
   6.68133199e-01, -7.33990312e-01, -1.32641256e-01,  1.35266215e-01,
  -8.38838518e-02, -5.83199263e-02,  6.44377992e-02,  1.39626507e-02,
  -6.51223361e-02,  1.83289081e-01, -2.02464834e-01, -1.38051122e-01,
   6.15074262e-02,  5.96992560e-02, -5.35381101e-02, -3.96905728e-02,
   2.20858037e-01, -4.35182936e-02,  3.47557478e-02,  6.85390756e-02,
  -1.63000301e-01,  1.21293135e-01,  0.00000000e+00,  0.00000000e+00,
   0.00000000e+00,  0.00000000e+00,  0.00000000e+00,  0.00000000e+00,
  -5.01398444e-02, -5.09670712e-02,  7.50764310e-02, -3.88531247e-04,
   1.82505623e-01,  5.01910865e-01,  1.84599832e-02, -3.83894622e-01,
  -7.12027609e-01,  0.00000000e+00,  0.00000000e+00,  0.00000000e+00,
   2.24761590e-02,  8.93493295e-02,  3.56979996e-01,  4.96935286e-02,
  -2.78388351e-01, -5.26080430e-01, -2.58418295e-04,  3.50356475e-02,
   1.07016906e-01,  3.27796000e-03, -4.07833196e-02, -1.15030020e-01,
   0.00000000e+00,  0.00000000e+00,  0.00000000e+00,  0.00000000e+00,
   0.00000000e+00,  0.00000000e+00,  0.00000000e+00,  0.00000000e+00,
   0.00000000e+00,  0.00000000e+00,  0.00000000e+00,  0.00000000e+00],
 [ 3.85675043e-01, -8.86316061e-01,  1.29702115e+00,  4.89270270e-01,
   2.68084425e-02, -6.63054809e-02,  7.93539643e-01, -6.16752990e-02,
   6.34998322e-01, -6.82212293e-01, -1.12621278e-01,  1.07620813e-01,
  -1.25732481e-01, -6.78480417e-02,  1.33730650e-01,  4.37165536e-02,
  -6.48346543e-02,  1.71780050e-01, -2.09953561e-01, -1.28464118e-01,
   9.37374756e-02,  3.01321279e-02, -5.63705824e-02, -3.36455740e-02,
   2.06238016e-01, -4.65246178e-02,  3.00583076e-02,  6.81296512e-02,
  -1.60614207e-01,  1.69368461e-01,  0.00000000e+00,  0.00000000e+00,
   0.00000000e+00,  0.00000000e+00,  0.00000000e+00,  0.00000000e+00,
  -3.48534547e-02, -5.22473864e-02,  7.33370632e-02,  2.87115294e-03,
   1.96671665e-01,  5.49918950e-01,  1.57486089e-02, -3.87508571e-01,
  -7.22050130e-01,  0.00000000e+00,  0.00000000e+00,  0.00000000e+00,
   2.58372650e-02,  9.51509029e-02,  3.87580395e-01,  5.20028099e-02,
  -2.63595372e-01, -5.24135888e-01, -5.51166704e-05,  2.82825138e-02,
   1.12186648e-01,  3.36813857e-03, -1.42355692e-02, -1.01061732e-01,
   0.00000000e+00,  0.00000000e+00,  0.00000000e+00,  0.00000000e+00,
   0.00000000e+00,  0.00000000e+00,  0.00000000e+00,  0.00000000e+00,
   0.00000000e+00,  0.00000000e+00,  0.00000000e+00,  0.00000000e+00],
 [ 4.17950690e-01, -9.52088773e-01,  1.31083071e+00,  4.57840681e-01,
   2.27275379e-02, -1.61782727e-02,  7.94804990e-01, -4.68593203e-02,
   6.29477620e-01, -6.69996858e-01, -1.13835871e-01,  9.77673605e-02,
  -1.24352813e-01, -6.61732927e-02,  1.54491603e-01,  4.54107001e-02,
  -6.22118823e-02,  1.61385596e-01, -2.13217020e-01, -1.32327273e-01,
   1.03674524e-01,  2.48955805e-02, -5.25779091e-02, -3.06838695e-02,
   2.04792202e-01, -4.51370887e-02,  3.02249156e-02,  7.02305064e-02,
  -1.66644365e-01,  1.84424937e-01,  0.00000000e+00,  0.00000000e+00,
   0.00000000e+00,  0.00000000e+00,  0.00000000e+00,  0.00000000e+00,
  -2.67879833e-02, -5.11218868e-02,  7.05790371e-02,  3.18653067e-03,
   2.07726210e-01,  5.66881657e-01,  1.04363728e-02, -4.02097791e-01,
  -7.20954478e-01,  0.00000000e+00,  0.00000000e+00,  0.00000000e+00,
   2.75155138e-02,  9.92074758e-02,  3.97579074e-01,  5.31116873e-02,
  -2.63383418e-01, -5.20220280e-01,  1.17307238e-04,  2.16576327e-02,
   1.10789247e-01,  3.67778982e-03, -1.10780575e-05, -1.00922704e-01,
   0.00000000e+00,  0.00000000e+00,  0.00000000e+00,  0.00000000e+00,
   0.00000000e+00,  0.00000000e+00,  0.00000000e+00,  0.00000000e+00,
   0.00000000e+00,  0.00000000e+00,  0.00000000e+00,  0.00000000e+00],
 [ 4.49226260e-01, -1.01363039e+00,  1.33508539e+00,  4.37826276e-01,
   2.39668470e-02,  2.24096794e-02,  7.97783554e-01, -3.23564522e-02,
   6.16560280e-01, -6.61737919e-01, -1.20825440e-01,  1.02626443e-01,
  -1.17475703e-01, -6.28176630e-02,  1.66375086e-01,  4.46941964e-02,
  -6.04697540e-02,  1.46561757e-01, -2.16309965e-01, -1.43379658e-01,
   1.17074952e-01,  2.29446590e-02, -4.79127616e-02, -2.80540325e-02,
   2.05038220e-01, -4.47100140e-02,  3.04645747e-02,  6.89507946e-02,
  -1.79116145e-01,  2.00949192e-01,  0.00000000e+00,  0.00000000e+00,
   0.00000000e+00,  0.00000000e+00,  0.00000000e+00,  0.00000000e+00,
  -1.68357957e-02, -4.81055751e-02,  6.52356744e-02,  2.28492008e-03,
   2.20605239e-01,  5.76715350e-01,  3.60664650e-04, -4.23661470e-01,
  -7.05224812e-01,  0.00000000e+00,  0.00000000e+00,  0.00000000e+00,
   2.93341447e-02,  1.04433343e-01,  4.03473765e-01,  5.25523424e-02,
  -2.66793162e-01, -5.10403454e-01,  5.75464452e-04,  1.31142624e-02,
   1.06517658e-01,  4.21323674e-03,  1.40887639e-02, -1.08721636e-01,
   0.00000000e+00,  0.00000000e+00,  0.00000000e+00,  0.00000000e+00,
   0.00000000e+00,  0.00000000e+00,  0.00000000e+00,  0.00000000e+00,
   0.00000000e+00,  0.00000000e+00,  0.00000000e+00,  0.00000000e+00],
 [ 4.64905709e-01, -1.05018020e+00,  1.36783612e+00,  4.24291074e-01,
   3.19754183e-02,  6.60361573e-02,  7.93457925e-01, -2.09003948e-02,
   6.13151908e-01, -6.55217648e-01, -1.35172695e-01,  1.10790774e-01,
  -1.12852074e-01, -5.69325574e-02,  1.69067979e-01,  3.76738571e-02,
  -5.88844419e-02,  1.30831182e-01, -2.20632821e-01, -1.61138907e-01,
   1.30860761e-01,  2.33738702e-02, -4.18010093e-02, -2.53695287e-02,
   2.06997707e-01, -4.42823693e-02,  3.10899783e-02,  6.38139844e-02,
  -1.97851360e-01,  2.16550931e-01,  0.00000000e+00,  0.00000000e+00,
   0.00000000e+00,  0.00000000e+00,  0.00000000e+00,  0.00000000e+00,
  -7.11611146e-03, -4.35502380e-02,  5.77436797e-02,  1.66890241e-04,
   2.32230246e-01,  5.78037441e-01, -1.24343773e-02, -4.49035883e-01,
  -6.74657226e-01,  0.00000000e+00,  0.00000000e+00,  0.00000000e+00,
   3.08017451e-02,  1.09540015e-01,  4.04618800e-01,  5.10311499e-02,
  -2.74120480e-01, -4.94690210e-01,  5.88753144e-04,  4.45240131e-03,
   9.97044072e-02,  4.79791872e-03,  2.43901908e-02, -1.22886166e-01,
   0.00000000e+00,  0.00000000e+00,  0.00000000e+00,  0.00000000e+00,
   0.00000000e+00,  0.00000000e+00,  0.00000000e+00,  0.00000000e+00,
   0.00000000e+00,  0.00000000e+00,  0.00000000e+00,  0.00000000e+00],
 [ 3.40704560e-01, -9.65863407e-01,  1.42109489e+00,  4.02182043e-01,
   5.99050894e-02,  1.68559536e-01,  7.00737238e-01,  8.43027327e-03,
   7.41234362e-01, -6.37845039e-01, -1.74036607e-01,  3.79005969e-02,
  -1.37458131e-01, -3.72303277e-02,  1.44980922e-01,  3.08146630e-03,
  -4.84116599e-02,  1.03349194e-01, -2.33176097e-01, -2.02220723e-01,
   1.19960330e-01,  2.82575916e-02, -2.63602249e-02, -1.93605423e-02,
   2.13381305e-01, -3.45827900e-02,  3.64241935e-02,  4.40683663e-02,
  -2.43649736e-01,  2.18470752e-01,  0.00000000e+00,  0.00000000e+00,
   0.00000000e+00,  0.00000000e+00,  0.00000000e+00,  0.00000000e+00,
  -3.01044714e-03, -4.05294038e-02,  5.31016737e-02, -3.72826192e-03,
   2.32649490e-01,  5.66230118e-01, -2.88120545e-02, -4.84487236e-01,
  -6.37053132e-01,  0.00000000e+00,  0.00000000e+00,  0.00000000e+00,
   3.04102600e-02,  1.10308044e-01,  3.97667348e-01,  4.85173836e-02,
  -2.92799056e-01, -4.76412386e-01,  5.83796238e-04,  4.07148851e-04,
   9.39530432e-02,  4.75619920e-03,  2.57535055e-02, -1.35894865e-01,
   0.00000000e+00,  0.00000000e+00,  0.00000000e+00,  0.00000000e+00,
   0.00000000e+00,  0.00000000e+00,  0.00000000e+00,  0.00000000e+00,
   0.00000000e+00,  0.00000000e+00,  0.00000000e+00,  0.00000000e+00]]

==============================

--- Key: trans ---
Shape: (60, 3)
Data Type: float32
Data:
[[ 0.09951701,  2.1635435 , -1.9117565 ],
 [ 0.20231652,  2.209966  , -1.6664208 ],
 [ 0.23275079,  2.2422597 , -1.4552134 ],
 [ 0.19196858,  2.2599702 , -1.3399612 ],
 [ 0.07618804,  2.2661266 , -1.3550754 ],
 [-0.34731868,  2.2366772 , -1.6388975 ],
 [-1.0077296 ,  2.180101  , -2.1534028 ],
 [-0.5089638 ,  2.2067597 , -2.020481  ],
 [-0.44799617,  2.1535227 , -2.1289008 ],
 [-0.46979707,  2.1907592 , -2.0781589 ],
 [-0.92997926,  2.1447854 , -2.2459571 ],
 [-0.60284424,  2.1751895 , -2.2737143 ],
 [ 0.5055943 ,  2.2728393 , -1.2230682 ],
 [ 1.035011  ,  2.344919  , -0.3765134 ],
 [ 1.3865308 ,  2.3770626 ,  0.15604627],
 [ 1.5018857 ,  2.3636365 , -0.01955387],
 [ 1.1748393 ,  2.3093064 , -0.601327  ],
 [ 0.35823587,  2.2229152 , -1.8271192 ],
 [-0.7312916 ,  2.1150665 , -2.3625546 ],
 [-0.89316094,  2.0364168 , -2.4291844 ],
 [-0.5543615 ,  2.0978386 , -2.2935514 ],
 [-0.68987113,  2.1381006 , -2.3382487 ],
 [-0.80295116,  2.0754273 , -2.2873127 ],
 [-0.12396226,  2.1164567 , -1.8728085 ],
 [ 0.32901865,  2.1691632 , -1.2154306 ],
 [ 0.68437666,  2.1365201 , -1.1584953 ],
 [ 0.77743894,  2.1583517 , -1.1989998 ],
 [ 0.63577014,  2.122471  , -1.6522765 ],
 [ 0.23084904,  2.1683931 , -2.085137  ],
 [-0.3540648 ,  2.1652699 , -2.247795  ],
 [-0.80719113,  2.1053915 , -2.3293982 ],
 [-0.60141426,  2.1208842 , -2.068039  ],
 [-0.81325436,  2.072566  , -1.9546511 ],
 [-0.8953082 ,  2.0769432 , -1.8538928 ],
 [-0.9933168 ,  2.0808344 , -1.8317287 ],
 [-0.9731717 ,  2.0821087 , -1.8616387 ],
 [-0.96270645,  2.110285  , -1.9885374 ],
 [-0.8065852 ,  2.1213577 , -2.0858765 ],
 [-0.66176075,  2.1565204 , -2.1356907 ],
 [-0.6977916 ,  2.1144063 , -2.1480637 ],
 [-1.0978537 ,  2.0352936 , -2.3368094 ],
 [-0.52264863,  2.1514869 , -2.0500884 ],
 [-0.07242633,  2.2079167 , -1.7026306 ],
 [ 0.48926744,  2.2431982 , -1.1344892 ],
 [ 0.707209  ,  2.2954412 , -1.1279923 ],
 [ 0.36434588,  2.2268536 , -1.929717  ],
 [ 0.6879348 ,  2.2601469 , -1.3237759 ],
 [ 0.5551132 ,  2.2117176 , -1.0389717 ],
 [-0.01429524,  2.1476848 , -1.3337572 ],
 [ 0.3338585 ,  2.1586804 , -0.69205636],
 [ 0.13533829,  2.118376  , -0.8172059 ],
 [-0.10839566,  2.0877295 , -1.3313079 ],
 [-0.7114508 ,  2.1246557 , -2.0241401 ],
 [-1.4323527 ,  2.0024617 , -2.4776614 ],
 [-0.6383074 ,  2.156813  , -2.2159793 ],
 [-0.2349429 ,  2.2105436 , -2.0360477 ],
 [-0.06377625,  2.2270281 , -1.9555012 ],
 [ 0.08372226,  2.2314415 , -1.8699563 ],
 [ 0.20920613,  2.2242944 , -1.7803173 ],
 [ 0.31346732,  2.204642  , -1.6861216 ]]

==============================

--- Key: betas ---
Shape: (10,)
Data Type: float32
Data:
[0., 0., 0., 0., 0., 0., 0., 0., 0., 0.]

==============================

--- Key: frame_rate ---
30

==============================

